freq_GHz,S21_dB,S31_dB,S41_dB,S51_dB,S61_dB
1.000000000000000021e-02,-7.634359696600000689e+01,-7.550553629300000580e+01,-7.129631775999999377e+01,-7.799972483800000589e+01,-6.939704174300000261e+01
3.001001001000000099e-02,-7.241987689399999795e+01,-7.240023682700000052e+01,-7.948162448899999788e+01,-8.034666462600000614e+01,-7.087805100699999628e+01
5.002002002000000003e-02,-8.297362897099999657e+01,-7.958864368999999783e+01,-8.148943411199999787e+01,-7.848052347799999495e+01,-7.999623668499999951e+01
7.003003002999999560e-02,-8.308618690900000558e+01,-7.705291982900000392e+01,-7.691008162599999309e+01,-8.534458997699999827e+01,-7.889048178699999880e+01
9.004004004000000505e-02,-8.069877443100000391e+01,-8.032519659499999420e+01,-9.033837638200000697e+01,-7.908750688599999989e+01,-1.030651284199999935e+02
1.100500500500000006e-01,-8.248745806099999811e+01,-8.251253392300000655e+01,-7.394211851900000454e+01,-9.366548137499999882e+01,-8.443014723400000321e+01
1.300600600600000101e-01,-8.853768657899999539e+01,-8.486024059800000430e+01,-9.003754466099999831e+01,-7.646976392099999487e+01,-8.344941047700000070e+01
1.500700700700000056e-01,-7.583537859300000150e+01,-8.560656120100000521e+01,-7.359571906099999694e+01,-7.833928875099999800e+01,-8.865837025700000140e+01
1.700800800800000012e-01,-8.078468611099999919e+01,-8.101657584000000156e+01,-1.034420073800000068e+02,-8.045284812299999544e+01,-7.689993772500000091e+01
1.900900900899999968e-01,-7.644170874900000001e+01,-8.202869409599999528e+01,-7.857774479699999404e+01,-8.924014773199999695e+01,-8.661728003999999714e+01
2.101001000999999924e-01,-8.595249679299999457e+01,-8.138078360800000155e+01,-8.403040010099999790e+01,-8.105357249399999375e+01,-8.641919604000000277e+01
2.301101101100000157e-01,-8.551379169999999874e+01,-7.893657627199999638e+01,-8.094119503999999665e+01,-8.052393918500000325e+01,-8.318784855399999856e+01
2.501201201200000113e-01,-8.206862139300000081e+01,-8.566779114700000264e+01,-8.622673108300000422e+01,-9.207230823400000475e+01,-7.710257762700000228e+01
2.701301301299999791e-01,-8.605977081700000042e+01,-7.417152938899999981e+01,-8.136129213200000265e+01,-7.901510929799999872e+01,-8.408737290300000211e+01
2.901401401400000024e-01,-7.514409142899999949e+01,-8.120978811400000552e+01,-7.536229021799999828e+01,-8.187672036300000400e+01,-8.041467748700000584e+01
3.101501501499999702e-01,-7.602606409700000256e+01,-7.619455634800000610e+01,-7.969116909100000612e+01,-7.552711041999999964e+01,-7.658571425399999555e+01
3.301601601600000491e-01,-7.904664455299999304e+01,-8.399598862400000598e+01,-8.003701137599999527e+01,-8.503384984800000268e+01,-7.961744852200000366e+01
3.501701701700000169e-01,-8.308745557299999973e+01,-8.432407961200000557e+01,-8.790980250699999488e+01,-9.164914618199999552e+01,-8.287421064100000478e+01
3.701801801799999847e-01,-8.747961405099999865e+01,-8.431961344699999472e+01,-8.084800712000000544e+01,-7.709470742000000598e+01,-7.672683704099999602e+01
3.901901901900000080e-01,-8.294482287600000348e+01,-7.824387651000000687e+01,-7.975722993799999472e+01,-7.825806301000000076e+01,-7.068783903800000701e+01
4.102002001999999758e-01,-7.338483694100000321e+01,-7.676820656600000348e+01,-6.947736336100000187e+01,-7.458535412499999495e+01,-7.513330079000000694e+01
4.302102102099999992e-01,-7.462766216699999688e+01,-7.388516201199999500e+01,-8.369282916500000624e+01,-7.467022043199999359e+01,-7.648296024900000134e+01
4.502202202200000225e-01,-7.440932595699999297e+01,-7.308087317300000052e+01,-7.364569351100000461e+01,-7.557910270000000708e+01,-8.497652205699999683e+01
4.702302302300000458e-01,-7.026333870800000625e+01,-7.160352814600000215e+01,-7.216249622200000147e+01,-8.570683281600000214e+01,-7.404339276800000391e+01
4.902402402400000136e-01,-7.923098373999999922e+01,-7.847030276899999990e+01,-7.445850198799999475e+01,-7.988561003899999946e+01,-7.290131124799999895e+01
5.102502502500000370e-01,-7.346805935599999771e+01,-8.361149717300000361e+01,-7.554146730499999762e+01,-7.781771119799999781e+01,-7.396054166800000473e+01
5.302602602599999493e-01,-7.445814877200000126e+01,-9.060947177900000327e+01,-7.491061479299999348e+01,-7.339918012399999725e+01,-6.868456657500000517e+01
5.502702702699999726e-01,-7.176409984699999711e+01,-7.176147587600000577e+01,-7.199040310499999862e+01,-7.441201968199999328e+01,-6.714035822900000028e+01
5.702802802799999959e-01,-7.654524395999999342e+01,-8.126750336800000696e+01,-7.034968457600000136e+01,-8.638703070799999750e+01,-6.026301924399999876e+01
5.902902902899999082e-01,-6.989826610299999743e+01,-7.390244111600000565e+01,-6.740382773700000030e+01,-6.974883198899999570e+01,-5.760310472100000112e+01
6.103003002999999316e-01,-6.900152074400000402e+01,-6.307767283399999769e+01,-6.586823031400000161e+01,-6.952190848600000095e+01,-5.624494840199999857e+01
6.303103103099999549e-01,-7.038113214199999845e+01,-6.945791508899999656e+01,-6.109093022700000120e+01,-6.520490512599999988e+01,-5.340361638400000288e+01
6.503203203200000893e-01,-7.104081350500000269e+01,-6.918736737099999345e+01,-5.920836178100000069e+01,-6.509540408200000172e+01,-5.003808746200000002e+01
6.703303303300000016e-01,-6.367305336700000140e+01,-7.162583513799999935e+01,-5.416889193299999761e+01,-6.778160212000000229e+01,-4.888334472700000077e+01
6.903403403400000249e-01,-7.366567704199999866e+01,-6.190675268599999725e+01,-5.441465330500000164e+01,-8.266541687199999444e+01,-4.721200764999999677e+01
7.103503503500000482e-01,-6.861282458300000542e+01,-6.182802380799999753e+01,-5.331611385400000103e+01,-7.483124463199999354e+01,-4.617601090099999794e+01
7.303603603599999605e-01,-6.498667595800000640e+01,-6.195908205500000321e+01,-5.338102455800000001e+01,-7.306280910300000642e+01,-4.483476568199999690e+01
7.503703703699999839e-01,-6.190245292400000210e+01,-5.907789793300000269e+01,-5.429081530199999861e+01,-7.474490312599999697e+01,-4.527855462000000131e+01
7.703803803800000072e-01,-6.094799193800000126e+01,-5.972269257600000003e+01,-5.285777306800000019e+01,-6.766156456100000582e+01,-4.504236310800000354e+01
7.903903903900000305e-01,-5.920827710999999738e+01,-5.691528207700000053e+01,-5.028650786600000089e+01,-6.653359772100000669e+01,-4.528690691500000298e+01
8.104004003999999428e-01,-5.663905267500000207e+01,-5.687221243300000140e+01,-4.917333549199999965e+01,-6.592503881999999749e+01,-4.525730089300000003e+01
8.304104104099999661e-01,-5.851938916099999943e+01,-5.452279359100000278e+01,-4.735789103999999838e+01,-6.342687700799999817e+01,-4.575891190099999761e+01
8.504204204199999895e-01,-5.605481708700000354e+01,-5.289536844599999910e+01,-4.716971383900000347e+01,-6.137253135299999940e+01,-4.576782496199999883e+01
8.704304304299999018e-01,-5.763575156499999963e+01,-5.234860675299999855e+01,-4.699045141100000222e+01,-6.083117414499999853e+01,-4.566894285499999739e+01
8.904404404400000361e-01,-5.537450540399999710e+01,-5.362676908699999956e+01,-4.738661114899999660e+01,-5.866214507000000111e+01,-4.559743328999999790e+01
9.104504504500000595e-01,-5.716955297599999852e+01,-5.735090420499999908e+01,-4.803276855600000061e+01,-5.678855747200000081e+01,-4.648515151800000211e+01
9.304604604600000828e-01,-5.804716789100000085e+01,-5.689321991799999978e+01,-4.697711100000000073e+01,-5.962122959999999949e+01,-4.646027520399999844e+01
9.504704704699999951e-01,-5.608838503100000139e+01,-5.932855393700000235e+01,-4.868503142200000156e+01,-5.926026849600000190e+01,-4.762381944500000230e+01
9.704804804800000184e-01,-5.952794870999999688e+01,-5.935877485700000022e+01,-5.005009386100000057e+01,-6.030546171299999969e+01,-4.803699902799999677e+01
9.904904904900000417e-01,-5.853779677800000059e+01,-6.237998628399999745e+01,-5.126256128800000056e+01,-5.903349338099999954e+01,-4.767982648800000334e+01
1.010500500500000065e+00,-5.934398821100000276e+01,-6.203792859200000009e+01,-5.044502045400000156e+01,-6.104061466000000280e+01,-4.850510794499999889e+01
1.030510510500000088e+00,-5.871396286800000297e+01,-6.627275195299999666e+01,-5.136773869799999659e+01,-6.207330962300000010e+01,-4.869668671600000209e+01
1.050520520500000110e+00,-6.078498379599999879e+01,-6.357396482000000049e+01,-5.166458825400000165e+01,-5.998835260500000288e+01,-4.783258335499999703e+01
1.070530530499999911e+00,-6.760636843899999349e+01,-6.737161449200000618e+01,-5.114047853200000304e+01,-6.074377931600000124e+01,-4.777783927600000169e+01
1.090540540499999933e+00,-6.682376629700000592e+01,-6.128084593199999830e+01,-4.963835828100000214e+01,-6.441863413999999466e+01,-4.640156636599999729e+01
1.110550550599999964e+00,-7.454183786999999484e+01,-6.000320758800000220e+01,-4.870589936500000050e+01,-6.632279035199999839e+01,-4.659782361500000292e+01
1.130560560599999986e+00,-6.732349610599999323e+01,-6.593184982500000046e+01,-4.769113789299999695e+01,-6.452922712400000194e+01,-4.589086895900000229e+01
1.150570570600000009e+00,-7.240563543300000049e+01,-6.437212401700000441e+01,-4.945600293799999747e+01,-6.757260576900000615e+01,-4.593240467700000096e+01
1.170580580599999809e+00,-6.783348836800000470e+01,-6.049466790200000332e+01,-4.943118743299999807e+01,-6.333555175099999701e+01,-4.623107515000000234e+01
1.190590590599999832e+00,-7.770974134300000458e+01,-6.728001766299999531e+01,-4.834909901500000018e+01,-6.948579080599999713e+01,-4.490945692799999733e+01
1.210600600599999854e+00,-7.169081825400000696e+01,-7.327528830999999343e+01,-4.712866386500000004e+01,-7.001388155899999788e+01,-4.380903468799999700e+01
1.230610610599999877e+00,-6.982473696899999993e+01,-6.719536006299999542e+01,-4.557792494200000277e+01,-6.607284977099999423e+01,-4.327917139099999844e+01
1.250620620599999899e+00,-6.111390529599999866e+01,-7.337403670800000555e+01,-4.523656942600000264e+01,-7.045230193000000440e+01,-4.233413132599999784e+01
1.270630630599999922e+00,-6.602989323799999966e+01,-6.608558692500000120e+01,-4.370030804999999674e+01,-5.846715791999999823e+01,-4.120298611599999816e+01
1.290640640599999944e+00,-6.628965925699999673e+01,-6.791927026899999476e+01,-4.229031081299999784e+01,-5.417205417200000284e+01,-4.088341023800000329e+01
1.310650650699999975e+00,-5.921064987500000143e+01,-6.441225327200000095e+01,-4.247608892400000258e+01,-6.063690624400000218e+01,-4.063372000500000070e+01
1.330660660699999998e+00,-5.888338668600000148e+01,-6.149886178399999892e+01,-4.273552101399999970e+01,-5.452727786500000207e+01,-4.019299584699999883e+01
1.350670670700000020e+00,-6.777466583999999727e+01,-5.984116682999999881e+01,-4.246232082800000285e+01,-5.502842647199999959e+01,-3.999320831899999718e+01
1.370680680700000043e+00,-6.046561449200000027e+01,-5.483357397599999672e+01,-4.216054581099999865e+01,-5.505026486999999946e+01,-3.933329360799999819e+01
1.390690690700000065e+00,-5.561860210999999765e+01,-5.627380717199999793e+01,-4.049680671600000181e+01,-5.520365561300000223e+01,-3.877520124600000173e+01
1.410700700700000088e+00,-5.825206262199999685e+01,-5.713831129700000133e+01,-3.903064064299999814e+01,-5.307560135599999995e+01,-3.792417191799999898e+01
1.430710710700000110e+00,-5.465342052100000103e+01,-5.546425029499999937e+01,-3.831246854199999774e+01,-5.188256968599999652e+01,-3.770736123900000081e+01
1.450720720700000133e+00,-5.198290844000000277e+01,-5.590797939800000194e+01,-3.785873342499999694e+01,-5.096969345699999820e+01,-3.748763446800000310e+01
1.470730730700000155e+00,-5.136569127500000320e+01,-5.614426908600000132e+01,-3.771868350500000133e+01,-5.422019985899999739e+01,-3.741741638999999964e+01
1.490740740699999956e+00,-5.028123216899999903e+01,-5.657266467000000176e+01,-3.669077386200000035e+01,-5.201853812699999935e+01,-3.687006016099999783e+01
1.510750750799999986e+00,-5.060056830199999922e+01,-5.324013255700000258e+01,-3.506400235499999951e+01,-5.466407108700000350e+01,-3.599824907099999649e+01
1.530760760800000009e+00,-5.081652884799999725e+01,-5.377434050699999801e+01,-3.307396252899999922e+01,-5.594125543199999839e+01,-3.400440687900000114e+01
1.550770770800000031e+00,-5.416303245000000288e+01,-5.793162004199999870e+01,-3.246788127399999979e+01,-5.628902346999999651e+01,-3.326846944300000075e+01
1.570780780800000054e+00,-5.117689505799999949e+01,-6.414408382599999925e+01,-3.185649918400000047e+01,-4.906626759899999968e+01,-3.261111444000000148e+01
1.590790790799999854e+00,-5.160352086099999980e+01,-5.557309374399999768e+01,-3.145133721799999904e+01,-4.565295575100000036e+01,-3.182023438099999879e+01
1.610800800799999877e+00,-5.412058845199999979e+01,-6.248656804000000164e+01,-3.185082974799999889e+01,-4.651782621000000262e+01,-3.173443116400000008e+01
1.630810810799999899e+00,-5.366680373500000201e+01,-5.374013227399999693e+01,-3.128982539500000115e+01,-4.508345507700000354e+01,-3.180099969999999843e+01
1.650820820799999922e+00,-4.919677733399999653e+01,-5.375664789500000040e+01,-3.145475290099999910e+01,-4.524828669200000064e+01,-3.130989220900000092e+01
1.670830830799999944e+00,-4.736857444200000344e+01,-5.463591113999999749e+01,-3.102387443199999950e+01,-4.512462358999999879e+01,-3.011772778699999975e+01
1.690840840799999967e+00,-4.723657515200000034e+01,-5.512477525100000264e+01,-2.971940785099999971e+01,-4.778341696599999722e+01,-2.945097715700000052e+01
1.710850850899999998e+00,-4.510423791200000210e+01,-4.763552650900000174e+01,-2.865065089400000176e+01,-4.779829369699999830e+01,-2.903214731299999940e+01
1.730860860900000020e+00,-4.575348681100000192e+01,-4.498135402700000185e+01,-2.885869517400000106e+01,-5.236861105900000268e+01,-2.856043766899999881e+01
1.750870870900000043e+00,-4.639515802900000097e+01,-4.681565848700000032e+01,-2.968433114100000125e+01,-5.311351529299999896e+01,-2.828716365800000077e+01
1.770880880900000065e+00,-4.551949772399999716e+01,-4.944998035100000067e+01,-3.017645990100000120e+01,-5.303882377499999734e+01,-2.856487245099999939e+01
1.790890890900000088e+00,-4.630752995299999952e+01,-4.779887882900000307e+01,-3.084399384600000005e+01,-5.208668727300000256e+01,-2.900209347399999871e+01
1.810900900900000110e+00,-4.652362384199999923e+01,-4.772527127400000069e+01,-3.249040595999999681e+01,-5.731922007099999661e+01,-2.953944790599999948e+01
1.830910910900000133e+00,-4.915711621500000206e+01,-4.763024118700000287e+01,-3.329832703799999649e+01,-6.204552153600000253e+01,-3.080658168600000124e+01
1.850920920900000155e+00,-5.289357978099999968e+01,-4.806757472299999989e+01,-3.450989263400000340e+01,-6.249953598399999777e+01,-3.209549703199999726e+01
1.870930930900000178e+00,-6.144634907500000054e+01,-5.199349570799999753e+01,-3.567835120200000176e+01,-6.044119378199999915e+01,-3.292425266299999720e+01
1.890940940900000200e+00,-6.940356177799999671e+01,-5.395593504200000012e+01,-3.614677406900000278e+01,-5.940003484100000009e+01,-3.350590133899999756e+01
1.910950951000000009e+00,-5.885222283400000265e+01,-5.030465112000000261e+01,-3.579435286700000063e+01,-5.480566802599999932e+01,-3.393383116199999705e+01
1.930960961000000031e+00,-5.480378454699999935e+01,-5.411273823100000158e+01,-3.507778885199999763e+01,-5.613288656099999940e+01,-3.321690924499999653e+01
1.950970971000000054e+00,-5.420193857600000342e+01,-5.433362993600000124e+01,-3.460627923900000269e+01,-5.777048003400000198e+01,-3.225141648799999672e+01
1.970980981000000076e+00,-5.204375396700000067e+01,-5.370194095800000156e+01,-3.361887127699999667e+01,-6.463380433000000380e+01,-3.126705954099999829e+01
1.990990991000000099e+00,-5.379693349499999755e+01,-5.583997954099999816e+01,-3.343520560700000033e+01,-7.041431150399999694e+01,-3.142149793100000110e+01
2.011001000999999899e+00,-5.219098152000000113e+01,-5.551592390900000140e+01,-3.298473906899999974e+01,-6.556073014400000432e+01,-3.102101448399999839e+01
2.031011010999999922e+00,-5.234454507699999937e+01,-5.876880449600000134e+01,-3.324055972000000025e+01,-6.151228417699999795e+01,-3.084008502300000032e+01
2.051021020999999944e+00,-5.003688407500000324e+01,-5.486702152000000154e+01,-3.276910010099999937e+01,-8.496004260399999453e+01,-3.124140693500000054e+01
2.071031030999999967e+00,-5.085019102599999741e+01,-5.467480319399999900e+01,-3.225899099000000092e+01,-6.837706930699999930e+01,-3.139431834999999893e+01
2.091041040999999989e+00,-5.478033167000000248e+01,-5.263609616699999805e+01,-3.181289800200000073e+01,-6.864129658400000267e+01,-3.124253525199999970e+01
2.111051051100000020e+00,-5.195660082399999879e+01,-4.912803924699999669e+01,-3.188641589499999895e+01,-6.496644312300000479e+01,-3.115347888200000170e+01
2.131061061100000043e+00,-5.086893080699999814e+01,-4.763094753499999712e+01,-3.203552445599999743e+01,-6.097865950199999929e+01,-3.093313528299999859e+01
2.151071071100000065e+00,-4.999395420799999812e+01,-4.677607390299999679e+01,-3.200961889700000285e+01,-5.886878464499999808e+01,-3.101098192599999948e+01
2.171081081100000088e+00,-4.993807388900000177e+01,-4.731381765999999800e+01,-3.203775674799999962e+01,-5.898273247600000246e+01,-3.102839132400000111e+01
2.191091091100000110e+00,-4.877992614200000077e+01,-4.770563478900000121e+01,-3.178100391699999960e+01,-5.554183738199999709e+01,-3.114079762600000123e+01
2.211101101099999688e+00,-4.872920175499999829e+01,-4.749566617199999996e+01,-3.161638788699999836e+01,-5.324566421200000121e+01,-3.126327514999999835e+01
2.231111111099999711e+00,-4.897115311099999957e+01,-4.900389944500000183e+01,-3.134089017399999832e+01,-5.278050641200000115e+01,-3.172273690800000168e+01
2.251121121099999733e+00,-4.913167783099999752e+01,-4.819986933199999868e+01,-3.123785736900000032e+01,-5.241429035099999822e+01,-3.219443398300000325e+01
2.271131131099999756e+00,-4.827789818099999763e+01,-4.952458132999999663e+01,-3.153342790399999984e+01,-5.243702553100000330e+01,-3.262258534899999773e+01
2.291141141099999778e+00,-4.945160019899999782e+01,-4.922817681299999748e+01,-3.225154360300000178e+01,-5.042484103700000020e+01,-3.327798481199999969e+01
2.311151151199999809e+00,-5.107722328599999884e+01,-5.067078831599999944e+01,-3.318042385599999733e+01,-5.283854912999999698e+01,-3.352413353800000095e+01
2.331161161199999832e+00,-5.027999450400000114e+01,-4.986047451499999994e+01,-3.321653255500000057e+01,-4.970987918400000183e+01,-3.308940513400000327e+01
2.351171171199999854e+00,-4.848357630200000301e+01,-4.779483898099999806e+01,-3.332365488899999661e+01,-4.947120835199999789e+01,-3.170091652500000023e+01
2.371181181199999877e+00,-4.824165444500000177e+01,-4.744057057599999894e+01,-3.329337813899999787e+01,-4.987770442200000076e+01,-3.042698350899999937e+01
2.391191191199999899e+00,-4.996314096700000107e+01,-4.661944769600000171e+01,-3.362506895899999648e+01,-5.090306571899999710e+01,-2.948521551600000024e+01
2.411201201199999922e+00,-5.060360582399999885e+01,-4.761944332000000202e+01,-3.404495211900000129e+01,-4.930288050099999708e+01,-2.897901365699999943e+01
2.431211211199999944e+00,-4.972916903600000182e+01,-4.589768037700000036e+01,-3.432280621499999995e+01,-4.913093317799999937e+01,-2.897607732399999847e+01
2.451221221199999967e+00,-5.197481658000000238e+01,-4.600114718500000066e+01,-3.422543491100000068e+01,-4.919204297600000331e+01,-2.866008205099999984e+01
2.471231231199999989e+00,-5.199121394400000185e+01,-4.631765003699999994e+01,-3.433641854399999715e+01,-5.143427231599999772e+01,-2.863426676699999973e+01
2.491241241200000012e+00,-5.187322496000000172e+01,-4.567178202499999884e+01,-3.421057037300000303e+01,-5.320675841700000319e+01,-2.882982642800000050e+01
2.511251251300000042e+00,-5.096312487699999849e+01,-4.740442536300000143e+01,-3.359356661500000030e+01,-5.274758222700000232e+01,-2.903152834400000160e+01
2.531261261300000065e+00,-5.202872927899999667e+01,-4.624876436600000318e+01,-3.451032761900000168e+01,-5.175429845099999682e+01,-2.922452775700000061e+01
2.551271271300000087e+00,-5.397125928900000247e+01,-4.616445645799999653e+01,-3.521154009499999660e+01,-5.333252685800000137e+01,-2.985341305000000034e+01
2.571281281300000110e+00,-5.153832836299999798e+01,-4.432472329699999847e+01,-3.574807700200000227e+01,-5.433076843500000308e+01,-3.057659733699999904e+01
2.591291291300000132e+00,-5.457500227599999931e+01,-4.374527504899999997e+01,-3.687299076000000042e+01,-5.402964218000000329e+01,-3.097353375400000175e+01
2.611301301300000155e+00,-5.308086348999999871e+01,-4.321384873200000243e+01,-3.859462007199999789e+01,-5.329459899199999739e+01,-3.152595392499999960e+01
2.631311311300000177e+00,-5.479769575899999978e+01,-4.348840444999999733e+01,-3.863504047100000349e+01,-5.576942633000000171e+01,-3.206579031100000066e+01
2.651321321300000200e+00,-5.460422521400000306e+01,-4.224908148499999783e+01,-3.982387481100000315e+01,-5.586999171699999778e+01,-3.259117651799999749e+01
2.671331331300000222e+00,-5.409311020300000195e+01,-4.438712619500000045e+01,-4.188066898799999649e+01,-5.742472694300000313e+01,-3.298534580100000113e+01
2.691341341300000245e+00,-6.159195969000000304e+01,-4.466682654800000307e+01,-4.194545905599999713e+01,-6.142002031700000231e+01,-3.339524361499999827e+01
2.711351351400000276e+00,-5.630318199399999912e+01,-4.590693625299999781e+01,-4.332921877500000107e+01,-6.360862501599999774e+01,-3.358674840100000125e+01
2.731361361400000298e+00,-5.976720608499999798e+01,-4.573713066399999860e+01,-4.929936758699999899e+01,-5.865143505000000346e+01,-3.336567258499999866e+01
2.751371371399999877e+00,-6.129522612800000303e+01,-4.531635129099999659e+01,-5.332881964900000327e+01,-6.365440472499999913e+01,-3.294898366000000323e+01
2.771381381399999899e+00,-7.065275959299999897e+01,-4.803502208900000170e+01,-5.159398902000000220e+01,-8.768666570700000307e+01,-3.240584431100000273e+01
2.791391391399999922e+00,-5.820664434799999754e+01,-5.060960360199999997e+01,-4.888446294900000311e+01,-5.985260229899999729e+01,-3.245514411300000290e+01
2.811401401399999944e+00,-6.516018654399999832e+01,-5.111845687099999935e+01,-4.680924710200000050e+01,-5.554614011200000334e+01,-3.197134294800000021e+01
2.831411411399999967e+00,-7.337969929300000160e+01,-5.193204086299999744e+01,-4.569143016299999971e+01,-5.822891889600000326e+01,-3.197028232399999936e+01
2.851421421399999989e+00,-6.338220327199999815e+01,-5.633321507699999842e+01,-4.312796460100000218e+01,-5.808984410800000120e+01,-3.171288527100000110e+01
2.871431431400000012e+00,-6.146791056899999717e+01,-5.459525622299999981e+01,-4.019070155800000066e+01,-6.234428934400000344e+01,-3.229181002400000011e+01
2.891441441400000034e+00,-5.534443412899999970e+01,-5.429190959799999661e+01,-3.924208817800000304e+01,-6.777046022400000425e+01,-3.269644530800000126e+01
2.911451451500000065e+00,-5.280946828199999743e+01,-5.249198474699999650e+01,-3.885391500099999718e+01,-5.489851880300000175e+01,-3.343122254899999746e+01
2.931461461500000087e+00,-5.354268787299999843e+01,-5.140512537000000037e+01,-3.888576883199999656e+01,-5.875163700699999936e+01,-3.359193019899999655e+01
2.951471471500000110e+00,-5.251476316400000144e+01,-5.094272116799999850e+01,-3.849282070999999661e+01,-5.244218993300000164e+01,-3.344464821399999721e+01
2.971481481500000132e+00,-5.054916983700000088e+01,-5.395354076999999648e+01,-3.778701670099999887e+01,-5.260303240900000077e+01,-3.347578287599999669e+01
2.991491491500000155e+00,-5.039431404199999776e+01,-5.516237090399999943e+01,-3.630231549399999835e+01,-5.597616087699999810e+01,-3.356076411400000126e+01
3.011501501500000177e+00,-5.090322726099999784e+01,-5.672077414400000350e+01,-3.535712526599999705e+01,-5.552751596800000300e+01,-3.322346298800000142e+01
3.031511511500000200e+00,-5.177089383300000236e+01,-6.133020359599999694e+01,-3.433990837599999679e+01,-5.610701674900000313e+01,-3.327309734499999649e+01
3.051521521499999778e+00,-5.120519628699999970e+01,-5.858498451599999868e+01,-3.308208101799999667e+01,-5.414730941300000211e+01,-3.272817062499999707e+01
3.071531531499999801e+00,-5.468732397000000134e+01,-5.512776958999999977e+01,-3.275479359999999929e+01,-6.988966048199999648e+01,-3.237334785200000198e+01
3.091541541499999823e+00,-4.997599432100000172e+01,-5.584313604500000139e+01,-3.221564473099999759e+01,-6.800496049999999570e+01,-3.223466902700000247e+01
3.111551551599999854e+00,-5.368089332699999972e+01,-5.261712986599999908e+01,-3.199007655699999830e+01,-5.440520768199999679e+01,-3.222475612499999897e+01
3.131561561599999877e+00,-5.012594014900000161e+01,-4.982689133499999912e+01,-3.137387221799999892e+01,-5.757088616499999745e+01,-3.218682248399999679e+01
3.151571571599999899e+00,-5.150121343699999699e+01,-4.907581664399999966e+01,-3.123424625699999879e+01,-5.853543143000000271e+01,-3.158430990500000135e+01
3.171581581599999922e+00,-5.099399728800000275e+01,-4.943739592499999702e+01,-3.098320236800000060e+01,-6.639782453399999440e+01,-3.125032223699999889e+01
3.191591591599999944e+00,-4.774337935999999871e+01,-4.758869022199999677e+01,-3.070113143800000088e+01,-5.991182945999999987e+01,-3.051202062400000159e+01
3.211601601599999967e+00,-4.790470671900000355e+01,-4.882321300800000330e+01,-3.078568391499999990e+01,-6.581570035599999358e+01,-2.974061463399999994e+01
3.231611611599999989e+00,-4.669607355699999829e+01,-4.562773229799999797e+01,-3.027591637000000091e+01,-5.452502239199999678e+01,-2.849940409199999891e+01
3.251621621600000012e+00,-4.689821781999999928e+01,-4.783105888600000100e+01,-3.032264920800000141e+01,-5.779851010400000177e+01,-2.762251400199999907e+01
3.271631631600000034e+00,-4.602430938300000207e+01,-4.943235138000000006e+01,-3.032362007800000114e+01,-6.147255483099999651e+01,-2.676671080499999889e+01
3.291641641600000057e+00,-4.526483099899999729e+01,-4.989741792699999934e+01,-3.009817364999999967e+01,-6.964206389100000649e+01,-2.608580063599999832e+01
3.311651651699999643e+00,-4.622601641800000039e+01,-4.979864990299999761e+01,-2.971800234699999876e+01,-6.845547445200000425e+01,-2.554413204700000151e+01
3.331661661699999666e+00,-4.593609643599999970e+01,-5.230406437500000294e+01,-2.951574392799999913e+01,-6.646132488099999591e+01,-2.515362677599999941e+01
3.351671671699999688e+00,-4.797528987399999778e+01,-4.993392381799999669e+01,-2.938227041800000094e+01,-5.741246845300000246e+01,-2.527713075200000148e+01
3.371681681699999711e+00,-4.898942086999999646e+01,-4.871030769400000082e+01,-2.949964844799999852e+01,-6.111872912399999791e+01,-2.478296780799999866e+01
3.391691691699999733e+00,-5.127858499900000311e+01,-4.852188539099999787e+01,-2.970268020900000039e+01,-5.815059288599999832e+01,-2.492301155799999890e+01
3.411701701699999756e+00,-5.095603885199999894e+01,-4.994595642400000202e+01,-2.950643308900000150e+01,-5.484657279000000329e+01,-2.531180469699999946e+01
3.431711711699999778e+00,-4.856978974999999821e+01,-4.986561596500000348e+01,-2.960301088199999953e+01,-6.276176000099999897e+01,-2.483087826099999873e+01
3.451721721699999801e+00,-4.794174388300000089e+01,-4.783515157099999726e+01,-3.028695481400000133e+01,-5.904724827999999803e+01,-2.516820714099999989e+01
3.471731731699999823e+00,-5.122437701500000173e+01,-5.024298288399999990e+01,-3.097945799400000055e+01,-5.896304597799999669e+01,-2.511763124200000163e+01
3.491741741699999846e+00,-4.841558395300000228e+01,-5.183252529800000019e+01,-3.123926738999999841e+01,-5.829005355400000354e+01,-2.479701636400000098e+01
3.511751751800000321e+00,-5.088344500000000181e+01,-5.390065772999999893e+01,-3.134153085200000177e+01,-5.558586920500000161e+01,-2.503751154100000065e+01
3.531761761800000343e+00,-5.160948921399999989e+01,-5.351538514599999985e+01,-3.127480461500000075e+01,-5.992287548000000186e+01,-2.491084847300000149e+01
3.551771771800000366e+00,-5.281159459700000269e+01,-5.347618240799999967e+01,-3.134093123499999933e+01,-6.601479806499999370e+01,-2.475635407800000110e+01
3.571781781800000388e+00,-4.883384016099999769e+01,-5.356108471299999962e+01,-3.119581112999999917e+01,-5.360840544100000216e+01,-2.536586541100000147e+01
3.591791791800000411e+00,-5.192437746699999934e+01,-4.781883198700000293e+01,-3.159943037700000090e+01,-5.380976541500000110e+01,-2.540534118800000130e+01
3.611801801799999989e+00,-5.399683094499999925e+01,-4.936133460500000325e+01,-3.178544956500000040e+01,-5.605437514500000162e+01,-2.528593247499999919e+01
3.631811811800000012e+00,-4.818973364000000004e+01,-5.154983074500000129e+01,-3.319910535100000004e+01,-5.398046788900000337e+01,-2.596264018200000123e+01
3.651821821800000034e+00,-4.909747312300000033e+01,-4.844479540799999739e+01,-3.356566744700000271e+01,-5.790752201699999802e+01,-2.560099204300000153e+01
3.671831831800000057e+00,-4.944480297999999863e+01,-4.781227042300000107e+01,-3.420870201799999677e+01,-5.830938264600000309e+01,-2.570492071400000000e+01
3.691841841800000079e+00,-5.522260822799999858e+01,-4.601867982099999921e+01,-3.495439911799999777e+01,-5.777923518600000108e+01,-2.621887523399999864e+01
3.711851851900000110e+00,-5.381170890899999648e+01,-4.725516173199999770e+01,-3.546186809699999998e+01,-6.397899816700000031e+01,-2.595075218399999883e+01
3.731861861900000132e+00,-5.172120284100000021e+01,-5.028689044499999738e+01,-3.517493609999999649e+01,-5.806224662200000353e+01,-2.635933580900000095e+01
3.751871871900000155e+00,-5.459916572899999920e+01,-5.042599416899999909e+01,-3.573073652800000133e+01,-6.401040742700000408e+01,-2.745445937399999892e+01
3.771881881900000177e+00,-4.904457432200000255e+01,-5.087974093399999731e+01,-3.632906833999999918e+01,-5.696106353999999783e+01,-2.750666444999999882e+01
3.791891891900000200e+00,-5.492120387899999656e+01,-5.058418053799999825e+01,-3.820408207100000197e+01,-5.839147846400000219e+01,-2.836159330199999928e+01
3.811901901900000222e+00,-5.060328111100000115e+01,-4.899830980099999778e+01,-3.887270177900000334e+01,-5.963241272199999798e+01,-2.906376562899999882e+01
3.831911911900000245e+00,-5.056770545500000225e+01,-5.166915943299999725e+01,-4.009143022300000325e+01,-6.738074786500000357e+01,-2.908535280499999942e+01
3.851921921900000267e+00,-5.397988437200000078e+01,-5.412604360000000270e+01,-3.928723049100000253e+01,-5.803094134100000190e+01,-2.974330776200000059e+01
3.871931931900000290e+00,-4.967971940399999653e+01,-5.023899390599999748e+01,-3.921234969399999670e+01,-5.486047923800000348e+01,-3.040151049600000022e+01
3.891941941900000312e+00,-4.742075196199999709e+01,-4.954843180799999658e+01,-3.959720599500000304e+01,-6.008159892599999807e+01,-3.081061550500000124e+01
3.911951951999999899e+00,-4.855120453800000035e+01,-5.240537717099999782e+01,-3.930684845500000080e+01,-6.123240281000000351e+01,-3.151472214400000027e+01
3.931961961999999922e+00,-4.780414578799999958e+01,-5.248413430499999777e+01,-3.956162886199999917e+01,-6.217419621799999874e+01,-3.295152617499999792e+01
3.951971971999999944e+00,-4.790620131299999684e+01,-5.195843640999999735e+01,-4.009017258099999736e+01,-5.436850090200000096e+01,-3.381815470400000123e+01
3.971981981999999967e+00,-4.631186554399999977e+01,-4.954621180499999866e+01,-4.103955462700000112e+01,-5.846442518399999955e+01,-3.486823850799999747e+01
3.991991991999999989e+00,-5.031407258699999829e+01,-4.985215035699999930e+01,-4.192458700299999919e+01,-5.987605726200000333e+01,-3.471890081699999797e+01
4.012002002000000012e+00,-4.947293600900000143e+01,-4.890210441800000041e+01,-4.094677944499999711e+01,-5.378758579899999859e+01,-3.426445078599999761e+01
4.032012012000000034e+00,-5.042002944099999695e+01,-4.865404197699999855e+01,-3.939727355299999800e+01,-6.022983024799999896e+01,-3.402718333699999675e+01
4.052022022000000057e+00,-5.310688826599999857e+01,-5.230211647299999811e+01,-3.789577124600000246e+01,-5.492029315399999945e+01,-3.357216584500000067e+01
4.072032032000000079e+00,-5.638474093699999656e+01,-5.098261288399999813e+01,-3.667215511100000214e+01,-6.232255266599999999e+01,-3.297260435100000109e+01
4.092042042000000102e+00,-4.965124272300000285e+01,-4.786335331699999784e+01,-3.492698922799999650e+01,-6.809996569700000180e+01,-3.230499470800000239e+01
4.112052052100000132e+00,-5.297222359599999919e+01,-4.559516383399999739e+01,-3.500387536699999913e+01,-6.785851751600000625e+01,-3.183247711599999974e+01
4.132062062100000155e+00,-5.513566518300000041e+01,-4.512726089699999932e+01,-3.552590983999999708e+01,-6.050718707600000101e+01,-3.073941291599999914e+01
4.152072072100000177e+00,-5.038631294799999694e+01,-4.758129726800000014e+01,-3.605307004400000181e+01,-5.612404871500000070e+01,-3.046687009600000096e+01
4.172082082100000200e+00,-4.922796418200000090e+01,-4.843211383900000300e+01,-3.656612574599999732e+01,-5.550152778000000353e+01,-3.039113911000000101e+01
4.192092092100000222e+00,-5.216519832200000195e+01,-4.667532305200000309e+01,-3.615997751199999755e+01,-5.977313656999999836e+01,-2.980593304499999974e+01
4.212102102100000245e+00,-6.530363746899999455e+01,-4.945366204799999821e+01,-3.642229441799999989e+01,-5.512983656000000110e+01,-2.984946708200000032e+01
4.232112112100000267e+00,-5.723524280600000225e+01,-4.333867400599999797e+01,-3.789180641600000143e+01,-5.367632598899999863e+01,-3.032188960599999916e+01
4.252122122100000290e+00,-5.126832104599999695e+01,-4.552779795800000073e+01,-3.668792836000000079e+01,-5.437924399100000272e+01,-3.017255972899999961e+01
4.272132132100000312e+00,-5.477612091900000024e+01,-4.771818017700000070e+01,-3.722355542399999706e+01,-5.123627781100000078e+01,-3.048083714699999902e+01
4.292142142100000335e+00,-4.810332910300000009e+01,-5.416580011799999994e+01,-3.643804763400000013e+01,-5.004144902099999825e+01,-3.083845613400000119e+01
4.312152152199999477e+00,-5.101184239300000201e+01,-5.569267986599999887e+01,-3.641834715699999947e+01,-4.538223786599999698e+01,-3.123176884500000128e+01
4.332162162199999500e+00,-5.286526528400000302e+01,-4.867132457299999970e+01,-3.743931006399999717e+01,-4.730739587499999743e+01,-3.189788443200000145e+01
4.352172172199999522e+00,-4.936544496300000162e+01,-6.401189593200000161e+01,-3.829088753999999994e+01,-4.634763492300000109e+01,-3.286371270699999769e+01
4.372182182199999545e+00,-4.718799031300000024e+01,-5.423428663699999674e+01,-3.887714859700000147e+01,-4.584971237199999905e+01,-3.271362391699999961e+01
4.392192192199999567e+00,-4.748396363999999892e+01,-5.266529483899999775e+01,-3.936097657799999894e+01,-4.758494325899999922e+01,-3.323927556400000327e+01
4.412202202199999590e+00,-4.735954562799999934e+01,-5.928379670999999718e+01,-4.044051321900000318e+01,-5.053105737500000316e+01,-3.341793640000000210e+01
4.432212212199999612e+00,-4.750840094800000202e+01,-5.565418251799999894e+01,-4.029321155499999918e+01,-4.947320099099999879e+01,-3.396007695299999796e+01
4.452222222199999635e+00,-4.942968798100000072e+01,-4.725929560499999837e+01,-4.275005973199999687e+01,-4.788590446900000330e+01,-3.389382403799999821e+01
4.472232232199999657e+00,-4.721172443599999724e+01,-4.892383080100000114e+01,-4.102279033199999958e+01,-4.955880404300000208e+01,-3.403629487999999981e+01
4.492242242199999680e+00,-4.985562180899999873e+01,-5.000833005300000167e+01,-4.073912000499999664e+01,-4.800188888600000325e+01,-3.412891242399999925e+01
4.512252252300000599e+00,-5.024734570900000108e+01,-5.145967455200000273e+01,-4.125001045599999827e+01,-5.064316565099999679e+01,-3.450373648299999729e+01
4.532262262300000621e+00,-4.707038955200000174e+01,-5.323323016399999830e+01,-4.469493610399999994e+01,-5.170623548399999692e+01,-3.493433713499999982e+01
4.552272272299999756e+00,-4.843686195600000133e+01,-5.599651571100000069e+01,-4.634779499100000066e+01,-4.851433597900000194e+01,-3.507044179399999706e+01
4.572282282299999778e+00,-4.686722045799999847e+01,-5.671359775900000244e+01,-4.453602005500000161e+01,-5.141090860599999957e+01,-3.543576222200000103e+01
4.592292292299999801e+00,-4.772274938999999705e+01,-5.130106162799999936e+01,-4.404893114899999773e+01,-5.492114508200000245e+01,-3.593149545699999692e+01
4.612302302299999823e+00,-5.196033733600000204e+01,-4.934725932300000295e+01,-4.479676878000000073e+01,-5.131119934400000204e+01,-3.643906184200000098e+01
4.632312312299999846e+00,-5.008803192900000312e+01,-5.081877737800000006e+01,-4.937326374599999923e+01,-5.422233397000000110e+01,-3.687871211400000249e+01
4.652322322299999868e+00,-4.665359708900000157e+01,-4.693857488900000163e+01,-4.968841864600000235e+01,-5.018271950199999765e+01,-3.665211400599999791e+01
4.672332332299999891e+00,-4.689091711900000092e+01,-5.017043283299999956e+01,-5.083373579199999881e+01,-5.276600015700000057e+01,-3.648581388899999922e+01
4.692342342299999913e+00,-4.671310154900000100e+01,-4.785913142900000139e+01,-4.834422482099999741e+01,-5.414330738000000309e+01,-3.604367508299999656e+01
4.712352352399999944e+00,-4.466370845000000145e+01,-6.091366204399999873e+01,-4.366672977500000030e+01,-4.804995815299999862e+01,-3.479501356600000150e+01
4.732362362399999967e+00,-4.459910059399999938e+01,-6.579862112700000409e+01,-4.081558155199999760e+01,-4.695664260099999865e+01,-3.458450865599999702e+01
4.752372372399999989e+00,-4.629425776699999773e+01,-4.999766694899999919e+01,-4.022319263299999648e+01,-4.919117977599999847e+01,-3.377672844899999660e+01
4.772382382400000012e+00,-4.249312239500000032e+01,-4.500585491100000013e+01,-3.977337285899999841e+01,-4.631509282799999738e+01,-3.251093717999999910e+01
4.792392392400000034e+00,-4.358925141299999950e+01,-5.007671598900000021e+01,-3.825285581499999665e+01,-4.488626415600000286e+01,-3.171300336399999864e+01
4.812402402400000057e+00,-4.278193424900000252e+01,-4.639301087199999785e+01,-3.816601395899999716e+01,-4.508162399999999792e+01,-3.151618349299999977e+01
4.832412412399999191e+00,-4.418795514100000332e+01,-4.818210965499999787e+01,-3.752236311299999727e+01,-4.610559031199999680e+01,-3.031819939800000085e+01
4.852422422399999213e+00,-4.366972482199999916e+01,-4.781973452199999741e+01,-3.586820813700000343e+01,-4.371356026800000194e+01,-2.960795895500000086e+01
4.872432432399999236e+00,-4.197894880700000186e+01,-4.818716323600000351e+01,-3.593671113300000286e+01,-4.405945463999999845e+01,-2.898169450700000027e+01
4.892442442399999258e+00,-4.254920868500000353e+01,-4.705907320899999746e+01,-3.582299828699999722e+01,-4.297049229400000314e+01,-2.826968540700000077e+01
4.912452452500000177e+00,-4.167993970300000228e+01,-5.068498687499999988e+01,-3.547796722500000044e+01,-4.276161932699999824e+01,-2.758787161300000079e+01
4.932462462500000200e+00,-4.061816198999999727e+01,-4.530370664699999850e+01,-3.529350577700000002e+01,-4.220804167099999660e+01,-2.717923112600000124e+01
4.952472472500000222e+00,-4.112214307299999660e+01,-5.045042503799999878e+01,-3.444403647400000068e+01,-4.039441626100000349e+01,-2.694888958599999995e+01
4.972482482500000245e+00,-4.055096102499999944e+01,-4.344249600399999878e+01,-3.563816060700000321e+01,-4.089060798100000227e+01,-2.714352154899999903e+01
4.992492492500000267e+00,-3.999628980600000006e+01,-4.574957621800000140e+01,-3.527737696900000230e+01,-3.963815370100000024e+01,-2.654394307900000172e+01
5.012502502500000290e+00,-3.894770619100000175e+01,-4.364321830699999794e+01,-3.501035196000000127e+01,-4.105303833100000332e+01,-2.637704956099999976e+01
5.032512512500000312e+00,-3.849886074199999797e+01,-4.175714959799999804e+01,-3.483345598999999737e+01,-4.111753790899999927e+01,-2.613832142100000056e+01
5.052522522500000335e+00,-3.831288756499999693e+01,-4.104465734000000054e+01,-3.551322973199999922e+01,-4.170926793299999957e+01,-2.562080160800000073e+01
5.072532532500000357e+00,-3.792284622100000036e+01,-3.958882692800000314e+01,-3.577434828199999828e+01,-4.264373593399999862e+01,-2.571815330100000097e+01
5.092542542500000380e+00,-3.918321729000000175e+01,-3.936307713099999717e+01,-3.612306910600000265e+01,-4.139319489399999696e+01,-2.579643420200000037e+01
5.112552552600000411e+00,-4.012352723699999757e+01,-3.994444590700000219e+01,-3.721058955600000218e+01,-4.047947529399999667e+01,-2.610953568200000063e+01
5.132562562600000433e+00,-3.808395319899999976e+01,-4.151867306700000171e+01,-3.702638964500000185e+01,-4.218906266100000124e+01,-2.583127808400000092e+01
5.152572572600000456e+00,-3.767687981299999933e+01,-3.921952004999999986e+01,-3.903713392299999896e+01,-4.170663020199999949e+01,-2.616674919800000154e+01
5.172582582600000478e+00,-3.939670920300000034e+01,-3.993236026499999980e+01,-3.932006273900000082e+01,-4.044333743100000333e+01,-2.616677131300000170e+01
5.192592592600000501e+00,-3.762765858699999910e+01,-3.866323717600000265e+01,-3.839945135800000031e+01,-4.070734083300000350e+01,-2.649515023900000088e+01
5.212602602600000523e+00,-3.623019338800000355e+01,-4.022063382999999703e+01,-3.750035320300000308e+01,-3.994984120400000194e+01,-2.675589174599999964e+01
5.232612612600000546e+00,-3.876251959999999741e+01,-3.902054009900000153e+01,-3.767734154899999766e+01,-4.154072860299999803e+01,-2.711655643599999976e+01
5.252622622600000568e+00,-3.600740511099999708e+01,-4.240642508999999905e+01,-3.730724247100000213e+01,-4.287417592199999916e+01,-2.724561377799999917e+01
5.272632632600000591e+00,-3.805192460899999674e+01,-4.419368810900000000e+01,-3.682220855700000328e+01,-4.116049779499999772e+01,-2.803916609899999912e+01
5.292642642600000613e+00,-3.880279571199999822e+01,-4.264214790900000196e+01,-3.614056796799999915e+01,-4.213343457399999892e+01,-2.815773318200000119e+01
5.312652652699999756e+00,-3.680220067700000186e+01,-4.277791676100000018e+01,-3.579038705399999998e+01,-4.298713502399999697e+01,-2.845417590199999935e+01
5.332662662699999778e+00,-3.643655983299999690e+01,-4.993574500500000113e+01,-3.539688421599999657e+01,-4.201672696400000007e+01,-2.946954755499999834e+01
5.352672672699999801e+00,-3.665737942799999871e+01,-4.162149251400000338e+01,-3.472090014500000166e+01,-4.415246534100000275e+01,-3.008960719299999909e+01
5.372682682699999823e+00,-3.783495624399999713e+01,-4.742729860600000080e+01,-3.467017644100000240e+01,-4.363183530999999959e+01,-3.176363484699999873e+01
5.392692692699999846e+00,-3.752322561599999773e+01,-4.267941560999999950e+01,-3.506279841500000316e+01,-4.232682119700000101e+01,-3.295721792500000191e+01
5.412702702699999868e+00,-3.706578955199999825e+01,-4.737498861499999947e+01,-3.556072524799999712e+01,-4.208119244600000286e+01,-3.436635785099999651e+01
5.432712712699999891e+00,-3.809667994299999805e+01,-4.502951880300000198e+01,-3.486180742799999877e+01,-4.483840556199999838e+01,-3.628778863800000209e+01
5.452722722699999913e+00,-3.633407005400000145e+01,-4.596405383500000141e+01,-3.440984408999999999e+01,-4.277837581200000017e+01,-3.807194001799999938e+01
5.472732732699999936e+00,-3.697237224100000219e+01,-5.267770623399999863e+01,-3.480288213400000075e+01,-4.075925094499999801e+01,-3.763679760800000196e+01
5.492742742699999958e+00,-3.507247415399999824e+01,-4.909735329800000159e+01,-3.355370829400000332e+01,-4.015306540000000268e+01,-3.798982321100000092e+01
5.512752752799999989e+00,-3.557950595900000224e+01,-4.686097650600000009e+01,-3.317336942800000088e+01,-4.027617593800000151e+01,-3.805816361699999817e+01
5.532762762800000012e+00,-3.605358066699999853e+01,-5.082200717300000292e+01,-3.333014632700000135e+01,-3.914064802800000109e+01,-3.605495038299999777e+01
5.552772772800000034e+00,-3.447081603499999858e+01,-5.748334668300000061e+01,-3.308943099999999760e+01,-3.844151539500000325e+01,-3.642534821099999931e+01
5.572782782800000057e+00,-3.479270808799999770e+01,-4.440097410399999944e+01,-3.180728894699999998e+01,-3.761948548699999861e+01,-3.650584311099999724e+01
5.592792792800000079e+00,-3.450832640899999859e+01,-5.102965347899999671e+01,-3.246300522699999647e+01,-3.671049676300000186e+01,-3.605305549700000256e+01
5.612802802800000102e+00,-3.312639217600000308e+01,-4.854612704800000245e+01,-3.209729968900000330e+01,-3.640596597199999707e+01,-3.552456914599999749e+01
5.632812812800000124e+00,-3.443940217499999790e+01,-4.549596621700000298e+01,-3.168538969200000111e+01,-3.458862562899999915e+01,-3.450245925299999783e+01
5.652822822800000147e+00,-3.244479361199999801e+01,-4.422638297400000340e+01,-3.171591720199999997e+01,-3.414970458599999859e+01,-3.350780871399999938e+01
5.672832832800000169e+00,-3.339263393400000268e+01,-4.490736549999999738e+01,-3.160760071600000032e+01,-3.430181079199999772e+01,-3.331281187700000146e+01
5.692842842800000192e+00,-3.209253332000000114e+01,-4.642415430300000168e+01,-3.087292757399999843e+01,-3.316764988700000316e+01,-3.260124454599999666e+01
5.712852852899999334e+00,-3.244510300900000033e+01,-4.549677947499999675e+01,-3.163336257099999926e+01,-3.246092404499999873e+01,-3.193926339400000103e+01
5.732862862899999357e+00,-3.315070500400000242e+01,-4.419009682499999769e+01,-3.126930241999999893e+01,-3.173030402699999897e+01,-3.235080555900000121e+01
5.752872872899999379e+00,-3.314239864900000043e+01,-4.205170163500000058e+01,-3.120631798200000162e+01,-3.207114491200000117e+01,-3.189823979199999826e+01
5.772882882899999402e+00,-3.383584469800000250e+01,-4.426626204699999789e+01,-3.109776262800000168e+01,-3.293473941599999932e+01,-3.196393840800000063e+01
5.792892892899999424e+00,-3.412698940899999656e+01,-4.240475913200000235e+01,-3.173115210399999953e+01,-3.306974613999999946e+01,-3.163923556399999981e+01
5.812902902899999447e+00,-3.449626814700000210e+01,-4.709392165199999880e+01,-3.172765328599999890e+01,-3.293772720500000162e+01,-3.257549663799999706e+01
5.832912912899999469e+00,-3.534372308500000059e+01,-4.530280054600000028e+01,-3.170696659800000106e+01,-3.365782351299999675e+01,-3.370980431299999935e+01
5.852922922899999492e+00,-3.517352729299999936e+01,-4.201580838499999970e+01,-3.212214475900000110e+01,-3.373179004600000042e+01,-3.354219022499999880e+01
5.872932932899999514e+00,-3.581558979500000106e+01,-4.379960475899999750e+01,-3.200952986499999753e+01,-3.439966651600000347e+01,-3.479711586300000192e+01
5.892942942899999537e+00,-3.796114526299999881e+01,-4.308618199000000004e+01,-3.168184102700000082e+01,-3.478718763199999842e+01,-3.617428189099999969e+01
5.912952952999999567e+00,-3.770233351000000255e+01,-4.477136443999999926e+01,-3.179585542099999884e+01,-3.582329802999999657e+01,-3.647790972699999656e+01
5.932962962999999590e+00,-3.690768179700000218e+01,-4.257654673999999773e+01,-3.163353495200000154e+01,-3.598314477800000333e+01,-3.797882086799999968e+01
5.952972972999999612e+00,-3.742293572300000193e+01,-4.530294127300000184e+01,-3.121374702199999973e+01,-3.538202007200000310e+01,-3.922169495499999670e+01
5.972982982999999635e+00,-3.787683230799999734e+01,-4.186651364299999756e+01,-3.107466489600000159e+01,-3.618183845699999779e+01,-3.957014249299999875e+01
5.992992992999999657e+00,-3.698159647500000347e+01,-4.672864729300000164e+01,-3.067285632400000139e+01,-3.717608034900000291e+01,-4.490110242400000118e+01
6.013003002999999680e+00,-3.843556386800000269e+01,-4.204689202499999823e+01,-3.113244299300000151e+01,-3.676454887900000301e+01,-4.567979628799999858e+01
6.033013012999999702e+00,-3.872806856999999781e+01,-4.520922626699999824e+01,-3.197544091700000024e+01,-3.739379090599999955e+01,-4.758189328299999943e+01
6.053023022999999725e+00,-3.986053320100000263e+01,-4.298885335599999991e+01,-3.086763599300000038e+01,-3.807425210299999918e+01,-4.954092084799999895e+01
6.073033032999999747e+00,-3.900296239099999696e+01,-4.383332510200000343e+01,-3.100894000799999972e+01,-3.969121549999999843e+01,-4.592309459999999888e+01
6.093043042999999770e+00,-3.901844771100000031e+01,-4.615065192099999791e+01,-3.165577448899999879e+01,-3.889989786000000294e+01,-4.656039024199999687e+01
6.113053053100000689e+00,-4.275859246800000335e+01,-4.644543538700000340e+01,-3.126540327600000069e+01,-3.903089523900000302e+01,-4.350257645700000353e+01
6.133063063100000711e+00,-4.190584976800000305e+01,-4.603411198500000268e+01,-3.159772926600000176e+01,-3.866499310900000097e+01,-4.719541006499999725e+01
6.153073073100000734e+00,-4.329991203099999808e+01,-4.530401924600000285e+01,-3.118310855800000070e+01,-3.937904802999999987e+01,-3.988131712100000215e+01
6.173083083100000756e+00,-4.435340114299999925e+01,-4.726420584099999900e+01,-3.127396872099999925e+01,-3.873646195799999958e+01,-3.886856596700000210e+01
6.193093093100000779e+00,-4.705367855099999730e+01,-4.969696408000000076e+01,-3.130807055600000055e+01,-3.976086979299999769e+01,-3.936734568499999654e+01
6.213103103100000801e+00,-4.731238024099999961e+01,-4.739946348099999796e+01,-3.094799544800000035e+01,-3.903206261500000096e+01,-3.669026630900000185e+01
6.233113113100000824e+00,-5.652157011999999980e+01,-4.768948563499999693e+01,-3.067999863600000054e+01,-4.083531856599999799e+01,-3.551602315800000298e+01
6.253123123099999958e+00,-4.552369102899999831e+01,-5.199477871700000264e+01,-3.063022959899999975e+01,-4.028010868500000186e+01,-3.499279996300000306e+01
6.273133133099999981e+00,-5.409423948700000295e+01,-5.393670648599999851e+01,-3.138138191299999846e+01,-3.990839360599999708e+01,-3.350313784600000133e+01
6.293143143100000003e+00,-4.937358311999999927e+01,-4.866237605500000285e+01,-3.047631682100000106e+01,-3.949045228699999655e+01,-3.341149544200000321e+01
6.313153153200000034e+00,-5.428448598899999666e+01,-4.941099608999999759e+01,-3.043119184200000049e+01,-4.000493665300000146e+01,-3.283787398199999785e+01
6.333163163200000056e+00,-5.724824229000000031e+01,-5.002077597099999906e+01,-2.980499552899999927e+01,-3.679675042099999871e+01,-3.152055557099999916e+01
6.353173173200000079e+00,-5.628623843799999804e+01,-5.190853158899999897e+01,-2.977886184200000130e+01,-3.945238109000000293e+01,-3.161839200200000022e+01
6.373183183200000101e+00,-4.944440526599999686e+01,-5.077123080199999805e+01,-3.005552969400000052e+01,-3.779127932099999754e+01,-3.090229435799999891e+01
6.393193193200000124e+00,-5.302259650500000276e+01,-4.600708936499999879e+01,-2.987992188799999838e+01,-3.749340144399999986e+01,-2.984653590799999989e+01
6.413203203200000146e+00,-4.557891981000000214e+01,-4.815872132799999861e+01,-3.053718234100000117e+01,-3.791174708500000179e+01,-2.915135279600000118e+01
6.433213213200000169e+00,-4.347754190300000232e+01,-4.476937714200000329e+01,-3.020182915299999848e+01,-3.890309706099999687e+01,-2.840831479699999917e+01
6.453223223200000191e+00,-5.253574865899999935e+01,-4.319499428900000026e+01,-3.010162287900000067e+01,-3.769297500100000065e+01,-2.738225534300000064e+01
6.473233233200000214e+00,-4.807163427500000097e+01,-3.858481962599999804e+01,-2.978192092999999829e+01,-3.712658410099999884e+01,-2.729141749100000069e+01
6.493243243200000236e+00,-5.010084318100000189e+01,-4.098304467500000214e+01,-2.944958648300000092e+01,-3.769020211499999817e+01,-2.624239755500000015e+01
6.513253253300000267e+00,-4.411418755799999758e+01,-4.183782380800000311e+01,-2.904202668499999973e+01,-3.937199726200000072e+01,-2.571102438200000151e+01
6.533263263300000290e+00,-4.555198240600000048e+01,-4.035073251099999680e+01,-2.845931182800000059e+01,-3.837470154900000097e+01,-2.525049769800000021e+01
6.553273273300000312e+00,-4.608702999300000158e+01,-3.947597176099999672e+01,-2.886795581499999841e+01,-3.941704444399999829e+01,-2.439247551500000100e+01
6.573283283300000335e+00,-4.380742060299999707e+01,-3.946424487400000203e+01,-2.910362341400000119e+01,-3.803672418899999741e+01,-2.396834653499999845e+01
6.593293293300000357e+00,-5.128439155600000277e+01,-3.773863138400000139e+01,-2.824162784600000009e+01,-3.817605092299999825e+01,-2.308066861900000077e+01
6.613303303300000380e+00,-4.606806126699999737e+01,-3.718380539900000059e+01,-2.868207523499999922e+01,-4.026006008699999938e+01,-2.289697943399999858e+01
6.633313313300000402e+00,-4.282606807999999887e+01,-3.612532891200000051e+01,-2.854721375700000152e+01,-4.051522717800000351e+01,-2.219166960900000163e+01
6.653323323300000425e+00,-4.292534628800000007e+01,-3.617229283399999673e+01,-2.859801963700000016e+01,-3.875974051600000081e+01,-2.181110176299999992e+01
6.673333333300000447e+00,-4.148647542500000185e+01,-3.497529946000000223e+01,-2.861508131800000143e+01,-4.021192271200000334e+01,-2.187912009400000102e+01
6.693343343300000470e+00,-4.199512608900000288e+01,-3.473606932599999908e+01,-2.840257933099999832e+01,-3.965581977400000113e+01,-2.149398423199999897e+01
6.713353353399999612e+00,-4.377297990299999952e+01,-3.403479683700000180e+01,-2.863216591699999825e+01,-4.223788966499999731e+01,-2.127151597399999972e+01
6.733363363399999635e+00,-4.121722171900000120e+01,-3.488553365700000342e+01,-2.813619176099999919e+01,-4.101847081199999678e+01,-2.138660129599999848e+01
6.753373373399999657e+00,-4.312079720199999855e+01,-3.496885397399999817e+01,-2.794577629899999849e+01,-4.077376386600000302e+01,-2.137885280500000107e+01
6.773383383399999680e+00,-4.088276273000000316e+01,-3.450796317999999729e+01,-2.757795210900000171e+01,-4.263915956599999646e+01,-2.139221422099999970e+01
6.793393393399999702e+00,-3.810274589200000150e+01,-3.456457926099999867e+01,-2.749379718699999842e+01,-4.216779289800000186e+01,-2.155414223800000073e+01
6.813403403399999725e+00,-3.827257673700000140e+01,-3.417359176899999795e+01,-2.698975098600000067e+01,-3.915384785100000187e+01,-2.161480698500000130e+01
6.833413413399999747e+00,-3.876307052500000339e+01,-3.566952925999999735e+01,-2.703205714299999940e+01,-3.827888165499999928e+01,-2.155968197099999983e+01
6.853423423399999770e+00,-3.597238949599999813e+01,-3.483403140000000064e+01,-2.692689691800000062e+01,-3.715039985599999994e+01,-2.184866733699999841e+01
6.873433433399999792e+00,-3.618811550899999929e+01,-3.536780717700000309e+01,-2.672749252899999917e+01,-3.663023708400000089e+01,-2.208574664400000032e+01
6.893443443399999815e+00,-3.611064805600000227e+01,-3.562571941499999895e+01,-2.705666799300000136e+01,-3.538554332999999730e+01,-2.229704094499999911e+01
6.913453453499999846e+00,-3.433039474299999938e+01,-3.646629507899999822e+01,-2.715621857500000047e+01,-3.495797554100000326e+01,-2.239090662999999992e+01
6.933463463499999868e+00,-3.457726285999999760e+01,-3.665045443999999719e+01,-2.727162844100000072e+01,-3.442328129199999864e+01,-2.240773315299999879e+01
6.953473473499999891e+00,-3.375339441799999918e+01,-3.691961228600000311e+01,-2.752900661700000029e+01,-3.335486523000000147e+01,-2.256836032900000077e+01
6.973483483499999913e+00,-3.300413277900000253e+01,-3.594702488499999760e+01,-2.804171739599999924e+01,-3.318514731999999867e+01,-2.257898528699999829e+01
6.993493493499999936e+00,-3.298017142999999862e+01,-3.849477437699999882e+01,-2.855838968799999833e+01,-3.281519977100000318e+01,-2.243555417399999996e+01
7.013503503499999958e+00,-3.196083575700000168e+01,-3.787476589599999954e+01,-2.858803128799999982e+01,-3.330119650400000353e+01,-2.241884611100000058e+01
7.033513513499999981e+00,-3.429172989599999966e+01,-3.660984344999999962e+01,-3.011187028399999832e+01,-3.373828602399999710e+01,-2.278171311099999841e+01
7.053523523500000003e+00,-3.206991985100000164e+01,-3.730524700000000138e+01,-3.041632519199999862e+01,-3.312657156899999933e+01,-2.303743408500000101e+01
7.073533533500000026e+00,-3.245456853200000324e+01,-3.628338880599999783e+01,-3.121679403899999983e+01,-3.274896269199999921e+01,-2.299462182699999957e+01
7.093543543500000048e+00,-3.169595452500000121e+01,-3.709027974300000352e+01,-3.207049782600000043e+01,-3.238675769900000034e+01,-2.324899578400000166e+01
7.113553553600000079e+00,-3.063273884999999908e+01,-3.651597966700000342e+01,-3.244070304400000282e+01,-3.224511971199999749e+01,-2.349814172099999965e+01
7.133563563600000101e+00,-3.090980910500000078e+01,-3.768156261800000095e+01,-3.645001555399999660e+01,-3.276549665800000355e+01,-2.325920735000000050e+01
7.153573573600000124e+00,-3.033279598600000071e+01,-3.491877249899999924e+01,-3.798665793600000029e+01,-3.361319471899999911e+01,-2.342984893099999866e+01
7.173583583600000146e+00,-3.013742648499999888e+01,-3.571011860099999780e+01,-4.070146992699999799e+01,-3.326718107599999996e+01,-2.380287026899999958e+01
7.193593593600000169e+00,-3.104827986100000103e+01,-3.480560351799999808e+01,-4.793869108900000242e+01,-3.434711022300000138e+01,-2.337740804899999958e+01
7.213603603600000191e+00,-2.932150990599999929e+01,-3.614237460399999691e+01,-4.881610897499999879e+01,-3.385152261700000054e+01,-2.313081738900000062e+01
7.233613613600000214e+00,-2.892181157799999980e+01,-3.544899469100000289e+01,-4.296749329600000067e+01,-3.438946759600000291e+01,-2.280192877200000012e+01
7.253623623600000236e+00,-2.783907976600000111e+01,-3.618760188499999941e+01,-3.782946837600000123e+01,-3.396272240700000111e+01,-2.198818319800000154e+01
7.273633633600000259e+00,-2.865735384499999938e+01,-3.843543323699999803e+01,-3.615878658199999762e+01,-3.484922648399999900e+01,-2.169147285800000091e+01
7.293643643600000281e+00,-2.752089975499999852e+01,-3.895494965999999692e+01,-3.266205677199999968e+01,-3.455174720600000171e+01,-2.152580024199999897e+01
7.313653653699999424e+00,-2.700875176399999944e+01,-3.897562755599999917e+01,-3.112687853499999946e+01,-3.386612291499999827e+01,-2.102963363099999938e+01
7.333663663699999447e+00,-2.649441596000000132e+01,-4.006241444399999807e+01,-2.963573651400000131e+01,-3.393819539300000088e+01,-2.072803642499999910e+01
7.353673673699999469e+00,-2.649304920100000160e+01,-4.093270894999999854e+01,-2.863573715300000089e+01,-3.263601712300000202e+01,-2.055316703200000106e+01
7.373683683699999492e+00,-2.600333932399999881e+01,-4.148929464500000108e+01,-2.793531435599999924e+01,-3.193599200899999957e+01,-1.990868749499999879e+01
7.393693693699999514e+00,-2.580363818500000050e+01,-4.083829004900000115e+01,-2.728310619299999829e+01,-3.114374979100000118e+01,-2.013655662200000052e+01
7.413703703699999537e+00,-2.565505643699999894e+01,-4.398036497599999706e+01,-2.699321878900000016e+01,-2.958869304499999942e+01,-1.976735070499999836e+01
7.433713713699999559e+00,-2.528344136700000178e+01,-6.340730769700000025e+01,-2.683963786800000051e+01,-3.025144546299999959e+01,-1.972852629200000152e+01
7.453723723699999582e+00,-2.577534356299999985e+01,-5.111906812099999797e+01,-2.693404982699999906e+01,-2.931720489099999938e+01,-1.948782394399999873e+01
7.473733733699999604e+00,-2.548252295800000056e+01,-5.580146958699999971e+01,-2.681714126299999990e+01,-2.878739776200000122e+01,-1.968381142000000139e+01
7.493743743699999627e+00,-2.537319754299999985e+01,-5.968823139500000252e+01,-2.664239712299999852e+01,-2.894292110299999976e+01,-1.977568962300000166e+01
7.513753753800000545e+00,-2.571810938599999830e+01,-4.990901167199999833e+01,-2.725327864500000175e+01,-2.863184243999999978e+01,-1.965074341600000096e+01
7.533763763800000568e+00,-2.564472327000000007e+01,-4.431615312099999926e+01,-2.778632077299999992e+01,-2.869151619399999831e+01,-1.979640861500000071e+01
7.553773773800000590e+00,-2.677281890800000141e+01,-4.564019608800000327e+01,-2.831678796699999978e+01,-2.887767834399999956e+01,-1.989901722100000114e+01
7.573783783800000613e+00,-2.649533668000000119e+01,-3.985746224700000084e+01,-2.926787974799999859e+01,-2.812615643599999871e+01,-1.985113849100000039e+01
7.593793793799999747e+00,-2.684211970200000152e+01,-4.138528079400000337e+01,-2.925954440699999992e+01,-2.828999679800000067e+01,-2.005714954000000105e+01
7.613803803799999770e+00,-2.803838821800000147e+01,-3.984111853000000281e+01,-3.008328576299999924e+01,-2.825242982800000036e+01,-2.004382819399999960e+01
7.633813813799999792e+00,-2.831192365900000141e+01,-3.827147986699999649e+01,-3.095316966400000069e+01,-2.800599871800000074e+01,-2.031155304400000006e+01
7.653823823799999815e+00,-2.952965171800000022e+01,-4.087662735800000036e+01,-3.100820134299999964e+01,-2.799367342800000102e+01,-2.051535718699999933e+01
7.673833833799999837e+00,-2.930047082800000169e+01,-3.827262804899999793e+01,-3.030715553499999970e+01,-2.835946604600000143e+01,-2.060820395100000013e+01
7.693843843799999860e+00,-3.002539932499999864e+01,-3.617548748499999789e+01,-3.056085747199999858e+01,-2.831601050100000094e+01,-2.060285623200000060e+01
7.713853853899999891e+00,-3.156669739399999841e+01,-3.790937238800000131e+01,-3.076075123900000108e+01,-2.814323525000000004e+01,-2.046390512299999997e+01
7.733863863899999913e+00,-3.145756101799999982e+01,-3.653681325000000157e+01,-3.027626023799999899e+01,-2.797928692200000000e+01,-2.041969438299999950e+01
7.753873873899999936e+00,-3.029879135599999884e+01,-3.674025909800000278e+01,-3.029368416599999847e+01,-2.777825711199999859e+01,-2.032567759599999846e+01
7.773883883899999958e+00,-3.247834090500000315e+01,-3.626391414500000110e+01,-3.025780281500000157e+01,-2.796218922499999948e+01,-2.065555273300000039e+01
7.793893893899999981e+00,-3.214693254099999820e+01,-3.649051715400000262e+01,-3.063743602699999968e+01,-2.788024557299999984e+01,-2.051552725399999844e+01
7.813903903900000003e+00,-3.269178093600000068e+01,-3.982718467699999820e+01,-3.108876925299999883e+01,-2.747561255500000144e+01,-2.065210186999999920e+01
7.833913913900000026e+00,-3.263278830200000158e+01,-3.767248732400000222e+01,-3.099214715400000131e+01,-2.734847786899999988e+01,-2.073785180300000164e+01
7.853923923900000048e+00,-3.154809960300000071e+01,-4.439060106699999864e+01,-3.098405420299999946e+01,-2.743968967500000034e+01,-2.075624585199999927e+01
7.873933933899999182e+00,-3.161304372000000029e+01,-3.628878473099999979e+01,-3.277748743699999778e+01,-2.750026339200000081e+01,-2.107742216100000121e+01
7.893943943899999205e+00,-3.231791853699999706e+01,-3.776196581600000002e+01,-3.296085142599999784e+01,-2.751394538999999995e+01,-2.126103575100000143e+01
7.913953954000000124e+00,-3.113152304100000123e+01,-3.850330707399999852e+01,-3.316198806599999926e+01,-2.751277615400000087e+01,-2.147194541900000075e+01
7.933963964000000146e+00,-3.048764460800000009e+01,-3.823842999400000053e+01,-3.422403517299999720e+01,-2.741014321200000126e+01,-2.181297182799999845e+01
7.953973974000000169e+00,-3.056909068499999904e+01,-3.860345762099999689e+01,-3.460086615299999835e+01,-2.774349250199999872e+01,-2.244132532000000069e+01
7.973983984000000191e+00,-2.956600023600000071e+01,-3.693965443500000134e+01,-3.473576890900000080e+01,-2.771961796100000086e+01,-2.248875602800000095e+01
7.993993994000000214e+00,-2.984555559700000060e+01,-3.458200413899999859e+01,-3.378731513900000039e+01,-2.786989032099999974e+01,-2.272796217799999852e+01
8.014004004000000236e+00,-2.969279664100000105e+01,-3.663746142600000155e+01,-3.393654034200000069e+01,-2.803017837200000173e+01,-2.311267063200000038e+01
8.034014014000000259e+00,-3.069610559599999888e+01,-3.436310470000000095e+01,-3.304430838399999715e+01,-2.898846955999999864e+01,-2.351486845599999853e+01
8.054024024000000281e+00,-2.989917574000000045e+01,-3.469736866600000269e+01,-3.056124580799999890e+01,-2.865876626400000049e+01,-2.389843997099999839e+01
8.074034034000000304e+00,-2.953161387000000104e+01,-3.197902410000000017e+01,-2.957055912499999906e+01,-2.844922884700000054e+01,-2.449802469100000124e+01
8.094044044000000326e+00,-3.022340056899999894e+01,-3.291437311800000032e+01,-2.920257378599999853e+01,-2.832993110900000033e+01,-2.421548576200000014e+01
8.114054054100000357e+00,-2.978826517399999929e+01,-3.175225986799999944e+01,-2.842652711399999887e+01,-2.922522661100000008e+01,-2.485293902800000154e+01
8.134064064100000380e+00,-2.931109294000000176e+01,-3.373308404899999857e+01,-2.849805675100000002e+01,-2.922811804499999866e+01,-2.541463644899999963e+01
8.154074074100000402e+00,-2.958417967500000145e+01,-3.141900593700000144e+01,-2.812673736500000032e+01,-2.894610363900000038e+01,-2.547701497199999920e+01
8.174084084100000425e+00,-3.008636562199999887e+01,-3.203833716100000117e+01,-2.721661412099999922e+01,-2.918782622000000160e+01,-2.646428263299999983e+01
8.194094094100000447e+00,-2.933752498699999833e+01,-3.029657768799999928e+01,-2.756589231499999926e+01,-2.894200819599999974e+01,-2.652715514400000174e+01
8.214104104100000470e+00,-2.988011671599999985e+01,-3.163747922299999971e+01,-2.729313640199999824e+01,-3.033611869099999936e+01,-2.702866358500000032e+01
8.234114114100000492e+00,-2.964959787000000091e+01,-3.212861694800000123e+01,-2.728229236900000032e+01,-3.007403186899999881e+01,-2.756559428599999961e+01
8.254124124100000515e+00,-3.002574953399999913e+01,-3.276757429599999938e+01,-2.700758225599999918e+01,-3.044023546200000041e+01,-2.778982815999999900e+01
8.274134134100000537e+00,-3.064472290100000151e+01,-3.193812091799999919e+01,-2.750698959700000046e+01,-3.097921300599999839e+01,-2.911283535400000133e+01
8.294144144100000560e+00,-3.060790023599999898e+01,-3.269636879699999810e+01,-2.793254991899999951e+01,-3.158181453899999980e+01,-2.915904426699999874e+01
8.314154154200000590e+00,-3.092898689800000156e+01,-3.568783927300000158e+01,-2.935010287700000120e+01,-3.233927827899999841e+01,-2.964188352100000046e+01
8.334164164200000613e+00,-3.084213973199999970e+01,-3.605290264399999955e+01,-2.833111919999999984e+01,-3.336699455499999800e+01,-2.976992987899999932e+01
8.354174174200000635e+00,-3.120984313399999976e+01,-3.501561081199999848e+01,-3.012665450700000136e+01,-3.251322471900000011e+01,-3.023033785699999854e+01
8.374184184200000658e+00,-3.212288547499999680e+01,-3.745159697199999727e+01,-3.002064740799999853e+01,-3.351503868300000022e+01,-3.160104991600000091e+01
8.394194194200000680e+00,-3.262881157700000045e+01,-3.941857859200000291e+01,-3.077375698599999865e+01,-3.346272907600000224e+01,-3.098766320300000032e+01
8.414204204199998927e+00,-3.338816898000000322e+01,-3.971296053900000089e+01,-3.182892216600000168e+01,-3.439335989799999993e+01,-3.146213744599999984e+01
8.434214214199998949e+00,-3.523926276400000290e+01,-4.260433203800000257e+01,-3.162462435000000127e+01,-3.541171756300000339e+01,-3.209334339600000163e+01
8.454224224199998972e+00,-3.527461919200000295e+01,-4.109741083099999770e+01,-3.220625993899999884e+01,-3.489801039200000332e+01,-3.324421637700000076e+01
8.474234234199998994e+00,-3.649347578900000144e+01,-4.506455750199999954e+01,-3.274902644299999821e+01,-3.429919020100000182e+01,-3.417570629200000099e+01
8.494244244199999017e+00,-3.863630669799999851e+01,-4.849709039100000041e+01,-3.438833712899999995e+01,-3.545392751199999992e+01,-3.479834407599999935e+01
8.514254254300000824e+00,-3.882163486000000319e+01,-6.880415301300000408e+01,-3.434176458799999665e+01,-3.317246172099999768e+01,-3.513869619700000158e+01
8.534264264300000846e+00,-4.178636754600000103e+01,-5.296566685700000221e+01,-3.547259747999999746e+01,-3.258896214199999974e+01,-3.583834031699999656e+01
8.554274274300000869e+00,-3.958816293000000286e+01,-4.931686373899999865e+01,-3.701936628699999687e+01,-3.307384360100000009e+01,-3.813328107899999964e+01
8.574284284300000891e+00,-4.132040988600000020e+01,-5.009841766299999932e+01,-3.401787205899999833e+01,-3.195099360100000041e+01,-3.853502787899999760e+01
8.594294294299999137e+00,-4.308008112699999970e+01,-5.134060810599999769e+01,-3.602868480400000095e+01,-3.210459006300000340e+01,-4.153135274299999935e+01
8.614304304299999160e+00,-3.684408064600000188e+01,-4.280748560600000019e+01,-3.657451706700000216e+01,-3.132959619700000076e+01,-4.609867641900000024e+01
8.634314314299999182e+00,-3.889676184100000000e+01,-4.177197153200000201e+01,-3.875167023600000249e+01,-3.096139526400000008e+01,-4.429838755200000122e+01
8.654324324299999205e+00,-4.030390854600000239e+01,-4.182449234399999938e+01,-3.786318305799999706e+01,-3.081753366199999888e+01,-4.867764199399999825e+01
8.674334334299999227e+00,-3.837775619899999668e+01,-3.597476601900000048e+01,-3.856288516499999730e+01,-3.123875395299999980e+01,-4.207161833899999692e+01
8.694344344299999250e+00,-3.884940051899999958e+01,-3.670825848799999847e+01,-4.047939791000000298e+01,-3.075323856500000019e+01,-4.045365375499999772e+01
8.714354354399999281e+00,-3.833817579000000109e+01,-3.647428492099999886e+01,-3.959467694899999657e+01,-3.074333770100000152e+01,-3.765550235900000331e+01
8.734364364399999303e+00,-3.717713393199999672e+01,-4.161271219599999682e+01,-3.732061244100000152e+01,-3.062955834699999969e+01,-3.718458247200000244e+01
8.754374374399999326e+00,-3.544135313799999665e+01,-3.992830979600000063e+01,-3.790587743199999693e+01,-3.011812668299999984e+01,-3.636894527799999821e+01
8.774384384399999348e+00,-3.787341235899999958e+01,-3.762494585000000313e+01,-3.590244448600000027e+01,-3.028004786199999998e+01,-3.374008154500000245e+01
8.794394394399999371e+00,-3.718531899100000260e+01,-3.974086026900000235e+01,-3.630769738800000113e+01,-3.022731978299999867e+01,-3.409375536600000345e+01
8.814404404399999393e+00,-3.739842749299999980e+01,-3.822763739500000213e+01,-3.490628565499999780e+01,-2.999203559600000091e+01,-3.294432624600000281e+01
8.834414414399999416e+00,-4.045109172099999739e+01,-3.838815500199999775e+01,-3.317328168699999935e+01,-3.090149082399999969e+01,-3.203292716800000051e+01
8.854424424399999438e+00,-3.886807523699999933e+01,-3.819524045600000051e+01,-3.224239922099999944e+01,-3.083445836799999995e+01,-3.236873062499999776e+01
8.874434434399999461e+00,-3.817802033400000283e+01,-4.037250315099999654e+01,-3.249651072000000340e+01,-3.149428298500000167e+01,-3.154156551899999883e+01
8.894444444399999483e+00,-3.656042948200000353e+01,-3.410919812899999926e+01,-3.173940468900000056e+01,-3.241561297999999880e+01,-3.253971363800000205e+01
8.914454454499999514e+00,-3.628607291899999865e+01,-3.590026152600000131e+01,-3.158508644599999826e+01,-3.149432601099999829e+01,-3.184530286500000074e+01
8.934464464499999536e+00,-3.475839672400000069e+01,-3.250061449900000099e+01,-3.161364784199999889e+01,-3.435162440700000275e+01,-3.139000183099999930e+01
8.954474474499999559e+00,-3.628854341499999947e+01,-3.644228159000000034e+01,-3.223013378800000339e+01,-3.219769971400000230e+01,-3.149914048200000138e+01
8.974484484499999581e+00,-3.474131367199999687e+01,-3.580180923100000001e+01,-3.200126100699999654e+01,-3.235715961399999685e+01,-3.059133239599999854e+01
8.994494494499999604e+00,-3.669981983499999956e+01,-3.868864301299999653e+01,-3.264873605700000070e+01,-3.455597685699999744e+01,-3.113193969199999955e+01
9.014504504499999626e+00,-3.488938274099999859e+01,-3.639724836999999980e+01,-3.089417213000000118e+01,-3.467144885999999815e+01,-3.001866454299999987e+01
9.034514514499999649e+00,-3.785642803199999662e+01,-3.746439362899999992e+01,-3.203426148199999801e+01,-3.411459153300000224e+01,-2.928907311600000085e+01
9.054524524499999671e+00,-3.480003718199999696e+01,-3.461040991899999852e+01,-3.248139941899999883e+01,-3.410425809699999888e+01,-2.886413657099999952e+01
9.074534534499999694e+00,-3.509556598500000035e+01,-3.334741302300000143e+01,-3.060811030500000030e+01,-3.364154815700000256e+01,-2.856284946099999900e+01
9.094544544499999716e+00,-3.694715036499999883e+01,-3.611018189600000028e+01,-3.032157271599999859e+01,-3.509604967199999948e+01,-2.954045780299999890e+01
9.114554554599999747e+00,-3.608308660200000162e+01,-3.477884140900000176e+01,-3.143306414599999954e+01,-3.532745027200000010e+01,-2.829980140500000019e+01
9.134564564599999770e+00,-3.543715294599999766e+01,-3.266098029999999852e+01,-3.145249881499999844e+01,-3.453966940800000174e+01,-2.781945186300000117e+01
9.154574574599999792e+00,-3.880522959200000344e+01,-3.246395812800000158e+01,-3.163307344700000101e+01,-3.497650157100000001e+01,-2.748634365499999888e+01
9.174584584599999815e+00,-3.657961416599999893e+01,-3.283992365999999663e+01,-3.235440704300000192e+01,-3.445754433999999833e+01,-2.782720213700000045e+01
9.194594594599999837e+00,-3.571726707100000198e+01,-3.283766454999999951e+01,-3.169305751099999924e+01,-3.677414646999999803e+01,-2.725292033699999905e+01
9.214604604599999860e+00,-3.480241737000000057e+01,-3.232257933199999655e+01,-3.079758044100000092e+01,-3.552288547100000216e+01,-2.903892432900000031e+01
9.234614614599999882e+00,-3.574121977899999791e+01,-3.380232285099999956e+01,-3.176395796199999921e+01,-3.565036379600000060e+01,-2.818948172200000002e+01
9.254624624599999905e+00,-3.850686030100000323e+01,-3.588067587799999814e+01,-3.216352702399999686e+01,-3.387666134399999862e+01,-2.774609149400000163e+01
9.274634634599999927e+00,-3.627075118599999826e+01,-3.432290332699999880e+01,-3.182398353700000015e+01,-3.622417345800000277e+01,-2.767875037800000015e+01
9.294644644599999950e+00,-3.591022801100000095e+01,-3.404807490400000347e+01,-3.174898268900000176e+01,-3.503725503599999769e+01,-2.843044590199999888e+01
9.314654654699999980e+00,-3.519553616900000037e+01,-3.659852774699999856e+01,-3.158547653500000152e+01,-3.600012393200000105e+01,-2.804336850099999978e+01
9.334664664700000003e+00,-3.504714503299999961e+01,-3.547327735900000079e+01,-2.980041317699999937e+01,-3.761144784900000104e+01,-2.872542062400000162e+01
9.354674674700000025e+00,-3.647700017199999678e+01,-3.316433674200000326e+01,-3.059758205099999984e+01,-3.787457415400000116e+01,-2.921488794600000105e+01
9.374684684700000048e+00,-3.514747518000000071e+01,-3.438999733800000058e+01,-2.870771353599999998e+01,-4.136831992799999824e+01,-3.002239986200000033e+01
9.394694694700000070e+00,-3.405563496300000281e+01,-3.539804193500000196e+01,-2.713126574400000024e+01,-4.073301191499999874e+01,-2.990420685899999853e+01
9.414704704700000093e+00,-3.388332689700000344e+01,-3.593682929399999892e+01,-2.719187150599999825e+01,-3.935995418299999926e+01,-3.098219148100000098e+01
9.434714714700000115e+00,-3.393759510200000307e+01,-3.524015357500000079e+01,-2.620955794200000000e+01,-4.037577965799999902e+01,-3.107367479699999890e+01
9.454724724700000138e+00,-3.414077972199999778e+01,-3.605374912500000306e+01,-2.577649212800000100e+01,-3.882144535799999829e+01,-3.292470189699999850e+01
9.474734734700000161e+00,-3.241695876400000031e+01,-3.568704479699999865e+01,-2.584973918000000026e+01,-3.961535123899999888e+01,-3.444298666800000319e+01
9.494744744700000183e+00,-3.355972631699999909e+01,-3.978691681200000119e+01,-2.510850918599999915e+01,-4.033543861799999775e+01,-3.284119285599999927e+01
9.514754754799998437e+00,-3.288555469700000344e+01,-4.567955678300000244e+01,-2.471365752000000171e+01,-3.716714031400000096e+01,-3.424749698099999762e+01
9.534764764799998460e+00,-3.126504537599999978e+01,-3.789002585800000134e+01,-2.486743186300000019e+01,-3.856447456000000074e+01,-3.468285405599999649e+01
9.554774774799998482e+00,-3.285426814800000272e+01,-4.080259567299999901e+01,-2.478595742699999960e+01,-3.853042269499999861e+01,-3.622039721699999859e+01
9.574784784799998505e+00,-3.180531278599999823e+01,-3.993955330099999657e+01,-2.461153181399999923e+01,-3.949721790800000321e+01,-3.764783652199999864e+01
9.594794794799998527e+00,-3.198710187700000063e+01,-4.634285241599999949e+01,-2.490403337300000075e+01,-3.563047132300000186e+01,-3.599614305699999761e+01
9.614804804799998550e+00,-3.164597752599999936e+01,-3.990646433700000273e+01,-2.411066224099999999e+01,-3.655449469999999934e+01,-3.886472960599999737e+01
9.634814814799998572e+00,-3.011524190800000156e+01,-4.672765246200000178e+01,-2.415245354199999994e+01,-3.487068233000000106e+01,-3.777491978100000125e+01
9.654824824799998595e+00,-3.214279825799999912e+01,-3.633765087100000102e+01,-2.431649192800000137e+01,-3.520740584800000050e+01,-3.825263027500000135e+01
9.674834834799998617e+00,-3.388740280300000052e+01,-3.693747192099999666e+01,-2.428384249899999858e+01,-3.573056416699999716e+01,-3.666638346700000284e+01
9.694844844799998640e+00,-3.261093355500000257e+01,-3.595252710900000181e+01,-2.444198793700000039e+01,-3.547412247999999835e+01,-3.413803826899999905e+01
9.714854854900000447e+00,-3.184437760799999850e+01,-3.858731400500000319e+01,-2.403857613599999965e+01,-3.450563660699999957e+01,-3.242208824699999781e+01
9.734864864900000470e+00,-3.307117280800000003e+01,-3.711090513300000282e+01,-2.412595538900000136e+01,-3.202585615200000291e+01,-3.343843027700000192e+01
9.754874874900000492e+00,-3.379781954199999916e+01,-3.636963856900000280e+01,-2.490777244999999951e+01,-3.206280677499999854e+01,-3.151549277999999887e+01
9.774884884899998738e+00,-3.582210081499999887e+01,-3.540618685300000124e+01,-2.452290343800000016e+01,-3.184594724400000132e+01,-3.068193396199999867e+01
9.794894894899998761e+00,-3.267907817199999698e+01,-3.739789712900000040e+01,-2.468386532899999963e+01,-2.909707250199999962e+01,-2.785472484800000004e+01
9.814904904899998783e+00,-3.178409116599999962e+01,-3.804797779100000099e+01,-2.589991676100000006e+01,-2.876431981300000018e+01,-2.906751582600000106e+01
9.834914914899998806e+00,-3.381934984600000149e+01,-3.573203205299999752e+01,-2.568755080400000068e+01,-2.884597622900000147e+01,-2.764905418400000059e+01
9.854924924899998828e+00,-3.428352079599999769e+01,-3.479188714000000004e+01,-2.644132985299999916e+01,-2.803583303999999998e+01,-2.823322251900000168e+01
9.874934934899998851e+00,-3.218842040100000190e+01,-4.219136645100000038e+01,-2.662502077899999975e+01,-2.821723494600000137e+01,-2.811681802400000052e+01
9.894944944899998873e+00,-3.653895920800000141e+01,-3.604816059099999848e+01,-2.686434648299999850e+01,-2.719697622400000014e+01,-2.760912833100000086e+01
9.914954955000000680e+00,-3.643039550000000304e+01,-3.686384754299999855e+01,-2.784100640000000126e+01,-2.777251892800000022e+01,-2.722262359100000140e+01
9.934964965000000703e+00,-3.412966392300000251e+01,-3.467694101400000051e+01,-2.800571971500000146e+01,-2.623815602699999872e+01,-2.683061355399999925e+01
9.954974975000000725e+00,-3.323652655099999720e+01,-3.364997466300000184e+01,-2.922626838600000099e+01,-2.616888230200000010e+01,-2.758380450599999989e+01
9.974984985000000748e+00,-3.203902501000000314e+01,-3.400468085699999676e+01,-2.966479924900000142e+01,-2.533473340100000115e+01,-2.702875389000000084e+01
9.994994995000000770e+00,-3.269285965600000310e+01,-3.370478565700000217e+01,-2.973154270799999921e+01,-2.600652153900000130e+01,-2.730805871700000154e+01
1.001500500500000079e+01,-2.839146586300000052e+01,-3.094751020100000005e+01,-2.943357621999999907e+01,-2.543266904800000106e+01,-2.659068438499999942e+01
1.003501501500000082e+01,-3.036958659500000124e+01,-3.261044858500000032e+01,-2.835543602699999965e+01,-2.585098342799999926e+01,-2.744005134400000046e+01
1.005502502500000084e+01,-2.980546258200000054e+01,-2.997883951100000033e+01,-2.995337253799999999e+01,-2.498922369299999957e+01,-2.776300991400000129e+01
1.007503503500000086e+01,-2.804542459399999998e+01,-2.922486207400000069e+01,-2.889664824300000134e+01,-2.525073257600000076e+01,-2.811055298100000144e+01
1.009504504500000088e+01,-2.722916870599999939e+01,-2.850377823799999888e+01,-2.892172014499999833e+01,-2.640138392600000117e+01,-2.829626402499999926e+01
1.011505505499999913e+01,-2.785350598400000166e+01,-2.833355541999999971e+01,-2.884437084800000051e+01,-2.574853167999999926e+01,-2.814820992499999974e+01
1.013506506499999915e+01,-3.008988120700000124e+01,-2.960374108099999901e+01,-2.954791660700000122e+01,-2.412165733200000162e+01,-2.799628794199999859e+01
1.015507507499999917e+01,-2.952958320200000131e+01,-2.963803806499999993e+01,-2.936927216699999832e+01,-2.554944840900000003e+01,-2.929319916900000109e+01
1.017508508499999920e+01,-2.708769251200000028e+01,-2.798255185200000028e+01,-2.918388154399999834e+01,-2.533847401599999927e+01,-2.850591995599999962e+01
1.019509509499999922e+01,-2.809924275199999855e+01,-2.868706749600000094e+01,-3.121620402499999969e+01,-2.556767792500000169e+01,-2.892233550899999983e+01
1.021510510499999924e+01,-3.188706316400000063e+01,-2.956466013700000062e+01,-3.008617294200000103e+01,-2.572628808900000053e+01,-2.818349754799999829e+01
1.023511511499999926e+01,-2.855649135299999841e+01,-3.024085948999999829e+01,-3.005758229899999989e+01,-2.450950053500000081e+01,-2.770191047100000148e+01
1.025512512499999929e+01,-2.713922546799999935e+01,-3.019562906100000177e+01,-3.108181559999999877e+01,-2.394914209599999921e+01,-2.772368980799999960e+01
1.027513513499999931e+01,-2.846114057699999833e+01,-3.079604468899999858e+01,-3.050631838099999982e+01,-2.432077533200000019e+01,-2.676133461699999927e+01
1.029514514499999933e+01,-2.890779971999999987e+01,-2.954033265800000052e+01,-3.148712253500000102e+01,-2.373891976399999848e+01,-2.694892520999999874e+01
1.031515515499999935e+01,-2.616942343199999854e+01,-2.912955074699999969e+01,-2.981678085800000133e+01,-2.348924696799999978e+01,-2.487453862699999974e+01
1.033516516499999938e+01,-2.777520001199999911e+01,-3.006369003700000064e+01,-3.004092184699999990e+01,-2.373095427599999852e+01,-2.488436537200000132e+01
1.035517517499999940e+01,-2.711091825600000149e+01,-2.944474084399999825e+01,-2.906624700500000102e+01,-2.326051063899999960e+01,-2.374653663400000170e+01
1.037518518499999942e+01,-2.775254400600000082e+01,-2.971271764800000170e+01,-3.074955486100000002e+01,-2.389125272400000100e+01,-2.411903058800000110e+01
1.039519519499999944e+01,-2.761143509700000109e+01,-2.988223332500000140e+01,-2.992751552200000020e+01,-2.448192151299999963e+01,-2.508698666600000138e+01
1.041520520499999947e+01,-2.889699788900000144e+01,-3.150240425000000144e+01,-3.157719205000000073e+01,-2.384478796899999864e+01,-2.315926866099999870e+01
1.043521521499999949e+01,-2.872598735800000114e+01,-2.960371815099999893e+01,-3.156980383599999840e+01,-2.459735378999999966e+01,-2.318810526000000038e+01
1.045522522499999951e+01,-2.911091032799999923e+01,-3.062195670099999845e+01,-3.239261371799999978e+01,-2.400980989199999982e+01,-2.369961517200000145e+01
1.047523523499999953e+01,-2.829371397999999971e+01,-2.943389922800000136e+01,-3.374288099099999982e+01,-2.312413572999999900e+01,-2.351059909199999964e+01
1.049524524499999956e+01,-2.858888428699999906e+01,-3.113232463599999988e+01,-3.502938129700000047e+01,-2.422879112700000093e+01,-2.496415331300000062e+01
1.051525525499999958e+01,-2.987387595499999904e+01,-2.972945207800000134e+01,-3.377496930499999905e+01,-2.358282847699999962e+01,-2.330513674699999882e+01
1.053526526499999960e+01,-2.967143399300000084e+01,-2.643017909299999957e+01,-3.522242524800000041e+01,-2.402846260999999828e+01,-2.339013264900000166e+01
1.055527527499999962e+01,-3.215499283500000161e+01,-2.965572987499999869e+01,-3.384852975999999813e+01,-2.441077315600000119e+01,-2.386357758899999837e+01
1.057528528499999965e+01,-3.062923691399999981e+01,-2.858433260600000025e+01,-3.647232061700000116e+01,-2.471787089500000079e+01,-2.342482865799999914e+01
1.059529529499999967e+01,-2.775830224299999927e+01,-2.704110905599999981e+01,-3.720142169599999704e+01,-2.627729071399999938e+01,-2.263065126200000066e+01
1.061530530499999969e+01,-2.926219204299999888e+01,-2.875724892399999888e+01,-3.528147711399999764e+01,-2.559989609799999855e+01,-2.316612484699999897e+01
1.063531531499999971e+01,-2.959271242899999876e+01,-2.796773368099999857e+01,-3.754101806199999913e+01,-2.568502583500000114e+01,-2.282082770099999891e+01
1.065532532499999974e+01,-2.924174674100000004e+01,-2.788926717000000011e+01,-3.489691980100000279e+01,-2.642426885300000095e+01,-2.189022280400000042e+01
1.067533533499999976e+01,-2.758737675800000133e+01,-2.857674595399999973e+01,-3.571469645900000245e+01,-2.673835914300000027e+01,-2.242903562000000051e+01
1.069534534499999978e+01,-2.670680916699999941e+01,-2.768057395599999992e+01,-3.677742952900000262e+01,-2.725168114299999900e+01,-2.355303634099999854e+01
1.071535535499999980e+01,-2.503875298799999882e+01,-2.973510025399999890e+01,-3.625736028299999703e+01,-2.858851442799999987e+01,-2.285850292499999981e+01
1.073536536499999983e+01,-2.677297880300000088e+01,-3.249965461699999736e+01,-3.383955096399999718e+01,-2.757069985600000095e+01,-2.333456727900000161e+01
1.075537537499999985e+01,-2.480842297899999949e+01,-3.002037910299999979e+01,-3.164052241099999918e+01,-3.209338333699999879e+01,-2.271364937899999958e+01
1.077538538499999987e+01,-2.797642231600000073e+01,-3.054089800899999929e+01,-3.373076179699999955e+01,-2.932434552200000155e+01,-2.387906226999999859e+01
1.079539539499999989e+01,-2.541138306099999866e+01,-2.936470934700000157e+01,-3.219731287799999819e+01,-3.034283293600000064e+01,-2.241925938500000015e+01
1.081540540499999992e+01,-2.534769117200000110e+01,-2.952805688400000150e+01,-3.210567994699999872e+01,-3.036010883499999835e+01,-2.214859743299999906e+01
1.083541541499999994e+01,-2.629869549600000056e+01,-3.326992017399999924e+01,-3.020372091400000159e+01,-3.005157922400000103e+01,-2.183042102099999937e+01
1.085542542499999996e+01,-2.717843881499999981e+01,-3.542527781399999753e+01,-3.186619403599999956e+01,-2.953799564699999891e+01,-2.289479678800000073e+01
1.087543543499999998e+01,-2.714213641399999943e+01,-3.053626046200000133e+01,-3.060433328599999925e+01,-2.993525035700000103e+01,-2.211147128600000045e+01
1.089544544500000001e+01,-2.657832056299999834e+01,-3.467393653999999970e+01,-3.184913283799999917e+01,-2.899892672900000079e+01,-2.333865083099999893e+01
1.091545545500000003e+01,-2.842556227000000035e+01,-3.614178797999999659e+01,-3.125953487800000019e+01,-2.911079398300000065e+01,-2.352984842000000043e+01
1.093546546500000005e+01,-2.894699256799999887e+01,-4.635466039199999955e+01,-2.933959287300000085e+01,-2.946232798799999841e+01,-2.336306031399999839e+01
1.095547547500000007e+01,-2.604648718099999982e+01,-3.861384437800000313e+01,-3.150819803299999933e+01,-3.008568493499999974e+01,-2.399805788400000139e+01
1.097548548500000010e+01,-3.031443705099999875e+01,-4.108376563400000236e+01,-3.014389340299999986e+01,-2.929647343399999926e+01,-2.558741141400000174e+01
1.099549549500000012e+01,-3.083293767800000040e+01,-3.515282811400000185e+01,-3.014066083699999865e+01,-2.940401191999999853e+01,-2.524842895999999826e+01
1.101550550600000022e+01,-2.801987038200000057e+01,-3.248837690399999900e+01,-3.142649885299999823e+01,-2.889382870000000025e+01,-2.661167338199999932e+01
1.103551551600000025e+01,-2.923915092000000016e+01,-3.279840167199999712e+01,-3.170887468200000114e+01,-3.062727102699999904e+01,-2.435880529699999997e+01
1.105552552600000027e+01,-2.929482885799999892e+01,-3.470722923400000326e+01,-3.143357158099999893e+01,-3.048148840100000001e+01,-2.473011436999999901e+01
1.107553553600000029e+01,-2.769829507800000101e+01,-3.496208620499999853e+01,-3.389008916200000243e+01,-2.907369779000000065e+01,-2.568220908099999988e+01
1.109554554600000031e+01,-2.969000795499999867e+01,-3.657406274099999877e+01,-3.138147088099999849e+01,-3.030401951199999999e+01,-2.480812670399999931e+01
1.111555555600000034e+01,-2.982069562999999945e+01,-3.351337088500000050e+01,-3.207989273900000171e+01,-3.085997360700000058e+01,-2.484753943999999848e+01
1.113556556600000036e+01,-2.794986560899999972e+01,-3.409197852500000181e+01,-3.125080149000000063e+01,-3.078441327099999825e+01,-2.419996880600000111e+01
1.115557557600000038e+01,-2.811761830300000042e+01,-3.618833920699999851e+01,-2.892198010099999905e+01,-3.295502858199999707e+01,-2.385929108199999860e+01
1.117558558600000040e+01,-2.527453781000000177e+01,-3.225029414400000149e+01,-2.887801273199999841e+01,-3.420878902300000135e+01,-2.253700288599999979e+01
1.119559559600000043e+01,-2.701107545300000012e+01,-3.030526310100000131e+01,-2.683648050100000049e+01,-3.446691428599999796e+01,-2.414354372500000068e+01
1.121560560600000045e+01,-2.825107590000000002e+01,-3.147745070599999906e+01,-2.643254973699999866e+01,-4.219699678100000284e+01,-2.417281423000000018e+01
1.123561561600000047e+01,-3.142697630300000000e+01,-3.336771102800000222e+01,-2.473004642800000141e+01,-4.088091420800000009e+01,-2.282752772899999982e+01
1.125562562600000049e+01,-2.922975133999999997e+01,-3.206575266800000179e+01,-2.611929573400000137e+01,-3.994697576099999736e+01,-2.478294355799999948e+01
1.127563563600000052e+01,-3.407833935899999744e+01,-3.476958235800000097e+01,-2.455050696200000004e+01,-3.835177756699999918e+01,-2.471370817800000097e+01
1.129564564600000054e+01,-3.033908937400000028e+01,-3.456081802199999942e+01,-2.370340747699999895e+01,-3.678732993300000231e+01,-2.331860290399999869e+01
1.131565565600000056e+01,-3.168045595899999967e+01,-3.100529541699999925e+01,-2.388507216200000016e+01,-3.444866914299999650e+01,-2.476977530999999999e+01
1.133566566600000058e+01,-3.153897524099999927e+01,-3.463828378499999872e+01,-2.420238721100000134e+01,-3.313437792199999876e+01,-2.512321007999999978e+01
1.135567567600000061e+01,-3.579064094799999651e+01,-3.309376339500000341e+01,-2.339493441799999829e+01,-3.025088601199999871e+01,-2.547347523599999874e+01
1.137568568600000063e+01,-3.364243214399999715e+01,-2.873738298199999974e+01,-2.475849370799999960e+01,-2.994696249200000082e+01,-2.596555957700000050e+01
1.139569569600000065e+01,-3.035547672499999905e+01,-3.607666967000000113e+01,-2.391976618200000004e+01,-2.998120957100000084e+01,-2.483155654300000137e+01
1.141570570600000067e+01,-3.426854359800000083e+01,-2.932719091999999961e+01,-2.408066696999999934e+01,-2.997312420800000154e+01,-2.624973623400000022e+01
1.143571571600000070e+01,-3.178610695400000097e+01,-3.045675486500000062e+01,-2.381546292699999867e+01,-2.884121654400000168e+01,-2.713858993699999900e+01
1.145572572600000072e+01,-3.164840377200000177e+01,-3.215835622499999857e+01,-2.407940367899999856e+01,-2.700671261700000159e+01,-2.493475526900000006e+01
1.147573573600000074e+01,-3.374123239800000107e+01,-3.473711107100000106e+01,-2.526376395599999825e+01,-2.723917253000000116e+01,-2.625538268000000031e+01
1.149574574600000076e+01,-3.112604618599999995e+01,-3.361351904499999677e+01,-2.488436426100000176e+01,-2.768281892599999949e+01,-2.614514140500000039e+01
1.151575575600000079e+01,-3.190020727299999947e+01,-2.934400006199999922e+01,-2.319693669000000114e+01,-2.710585807500000044e+01,-2.580093050400000010e+01
1.153576576600000081e+01,-3.418404202400000003e+01,-3.388886155899999864e+01,-2.479746771099999947e+01,-2.836335470599999908e+01,-2.633039581899999959e+01
1.155577577600000083e+01,-3.295088222599999739e+01,-3.228357862299999681e+01,-2.496132181400000150e+01,-2.744418644499999971e+01,-2.614581972699999923e+01
1.157578578600000085e+01,-3.022913498699999835e+01,-2.937843126900000001e+01,-2.451547174099999893e+01,-2.808257268199999857e+01,-2.439110685900000064e+01
1.159579579600000088e+01,-3.270798378199999945e+01,-3.634247447500000305e+01,-2.438992587799999967e+01,-2.933303152199999886e+01,-2.642055898799999980e+01
1.161580580599999912e+01,-3.967294209899999657e+01,-3.477712076600000302e+01,-2.378890098200000125e+01,-2.828782357200000064e+01,-2.610291784700000051e+01
1.163581581599999915e+01,-3.682300165899999911e+01,-3.703631918300000336e+01,-2.419619389900000073e+01,-2.757425149099999828e+01,-2.818302377399999870e+01
1.165582582599999917e+01,-3.271002305199999682e+01,-3.496982962799999939e+01,-2.352979535600000105e+01,-2.959498886200000101e+01,-2.592284924499999832e+01
1.167583583599999919e+01,-3.100383394600000031e+01,-3.564898167999999856e+01,-2.373816886999999909e+01,-2.814769399900000124e+01,-2.578528711299999898e+01
1.169584584599999921e+01,-3.260566478500000187e+01,-3.636318377100000276e+01,-2.357043482199999929e+01,-2.908608047899999960e+01,-2.619100746499999843e+01
1.171585585599999924e+01,-3.595055287099999930e+01,-3.582396128500000287e+01,-2.464075745399999917e+01,-2.814415741799999893e+01,-2.727100453799999968e+01
1.173586586599999926e+01,-3.067524920900000041e+01,-4.477528911800000344e+01,-2.278382635299999848e+01,-2.706649191500000029e+01,-2.916523341399999936e+01
1.175587587599999928e+01,-3.497743140899999759e+01,-3.662925167099999868e+01,-2.491763710300000056e+01,-2.793003659900000102e+01,-2.908370795000000086e+01
1.177588588599999930e+01,-3.338743744399999969e+01,-3.858709775700000222e+01,-2.605808273599999936e+01,-2.813964625399999875e+01,-3.094903905800000032e+01
1.179589589599999933e+01,-2.930816871600000084e+01,-4.268307183499999979e+01,-2.457230864599999975e+01,-2.807203760799999870e+01,-3.082280266900000143e+01
1.181590590599999935e+01,-3.529606893900000131e+01,-4.001989237299999758e+01,-2.599580925700000122e+01,-2.829723883200000145e+01,-3.349598334600000271e+01
1.183591591599999937e+01,-3.302786973599999953e+01,-3.194770113999999950e+01,-2.583963343199999940e+01,-2.858279200400000164e+01,-3.409117060599999860e+01
1.185592592599999939e+01,-3.340984610299999957e+01,-4.557626139900000339e+01,-2.583552444000000037e+01,-2.563460103299999915e+01,-3.864500427600000165e+01
1.187593593599999942e+01,-3.212325890999999700e+01,-3.179260389099999884e+01,-2.682572457499999885e+01,-2.830682425999999907e+01,-4.304578734300000065e+01
1.189594594599999944e+01,-3.237993741900000089e+01,-3.938451933300000007e+01,-2.526057509700000026e+01,-2.798667773500000067e+01,-3.738842856499999812e+01
1.191595595599999946e+01,-2.724466543300000154e+01,-4.044175594800000084e+01,-2.706602146799999886e+01,-2.696040222699999944e+01,-3.554800253500000196e+01
1.193596596599999948e+01,-3.365144978000000009e+01,-3.359543552899999952e+01,-2.831277316799999966e+01,-2.884923364899999854e+01,-4.009373834499999845e+01
1.195597597599999951e+01,-3.216166705599999887e+01,-4.305966877600000231e+01,-2.754520518800000062e+01,-2.725347966100000008e+01,-3.526196257899999864e+01
1.197598598599999953e+01,-3.159286220599999950e+01,-3.529727425099999749e+01,-2.823722708400000059e+01,-2.847276947699999994e+01,-3.496346144900000041e+01
1.199599599599999955e+01,-3.396356072100000034e+01,-3.572542086400000017e+01,-2.737654180499999867e+01,-2.879700413699999828e+01,-3.274377203400000269e+01
1.201600600599999957e+01,-3.459628330099999971e+01,-3.688097820000000127e+01,-2.890062182200000152e+01,-2.950220336599999982e+01,-3.242991769599999685e+01
1.203601601599999960e+01,-3.025590319799999861e+01,-3.610829972500000196e+01,-3.178830721299999951e+01,-3.026403640299999864e+01,-3.161978789699999837e+01
1.205602602599999962e+01,-3.674392605399999923e+01,-3.887603917300000234e+01,-3.093080497700000109e+01,-3.143930706700000144e+01,-2.927488963100000063e+01
1.207603603599999964e+01,-3.388470644000000220e+01,-4.284015793300000041e+01,-3.018587617300000048e+01,-3.078353100200000014e+01,-2.776509462799999994e+01
1.209604604599999966e+01,-3.098543728199999947e+01,-2.664620280600000157e+01,-3.389400670599999899e+01,-3.004378715000000000e+01,-2.945242735300000092e+01
1.211605605599999969e+01,-3.378644417099999941e+01,-3.797821056400000117e+01,-3.223710024300000043e+01,-3.410007970299999869e+01,-2.753920150500000119e+01
1.213606606599999971e+01,-2.711746024400000010e+01,-3.749698693300000230e+01,-3.200034308000000038e+01,-3.257685437199999967e+01,-2.954859123900000029e+01
1.215607607599999973e+01,-3.366474151399999926e+01,-4.146611770500000205e+01,-3.336724620500000071e+01,-3.186787816500000048e+01,-2.722643563100000108e+01
1.217608608599999975e+01,-3.063650446000000116e+01,-4.636093939500000261e+01,-3.299936516500000039e+01,-2.992567958100000070e+01,-2.913355273199999829e+01
1.219609609599999978e+01,-3.081015363999999934e+01,-3.803059884500000010e+01,-3.516702916300000226e+01,-3.124405057699999944e+01,-2.811720930499999938e+01
1.221610610599999980e+01,-3.050673916899999938e+01,-4.102942735599999935e+01,-3.299883990400000044e+01,-2.958600161000000028e+01,-3.012414573499999904e+01
1.223611611599999982e+01,-3.002814332499999850e+01,-3.131082812600000054e+01,-3.392292180700000159e+01,-3.025825483399999882e+01,-3.127242520700000128e+01
1.225612612599999984e+01,-3.535380574199999870e+01,-4.424180991699999765e+01,-3.154977858100000176e+01,-3.142798292100000168e+01,-2.937781221699999890e+01
1.227613613599999987e+01,-3.037994484800000095e+01,-3.319222068100000200e+01,-3.249282838999999967e+01,-3.478996845199999655e+01,-3.095655343399999992e+01
1.229614614599999989e+01,-3.070895063800000102e+01,-2.885550224300000011e+01,-3.427955508000000151e+01,-3.322577840499999979e+01,-3.183672069200000010e+01
1.231615615599999991e+01,-4.193324926399999697e+01,-3.582759503500000164e+01,-2.977189515199999903e+01,-3.298310525299999796e+01,-3.141918920199999832e+01
1.233616616599999993e+01,-3.055824474399999957e+01,-4.218185639699999712e+01,-3.145770088500000128e+01,-3.150915454300000107e+01,-3.197986222100000120e+01
1.235617617599999996e+01,-3.677349436699999785e+01,-3.203714369600000111e+01,-3.354775661299999712e+01,-3.294448805199999697e+01,-4.065215378799999968e+01
1.237618618599999998e+01,-3.029812912999999952e+01,-3.002481518100000102e+01,-2.944156829900000005e+01,-3.399492759299999989e+01,-3.484027710099999808e+01
1.239619619600000000e+01,-3.505133597100000031e+01,-3.953066214399999723e+01,-3.134461743600000005e+01,-3.318908072499999662e+01,-3.385672841200000249e+01
1.241620620600000002e+01,-3.913811103199999764e+01,-3.078257339800000025e+01,-3.191903310300000030e+01,-3.543753219100000251e+01,-3.678808544399999647e+01
1.243621621600000005e+01,-3.229695690700000199e+01,-3.366103123700000310e+01,-3.130786881899999941e+01,-3.545321095399999933e+01,-3.866177728200000274e+01
1.245622622600000007e+01,-3.448414689300000191e+01,-2.514614626599999880e+01,-3.252345999700000334e+01,-3.411067816500000305e+01,-3.754767283999999705e+01
1.247623623600000009e+01,-3.001786408799999961e+01,-2.660779443999999927e+01,-3.076818915699999835e+01,-3.659600549299999983e+01,-3.740388228500000167e+01
1.249624624600000011e+01,-2.721422599299999945e+01,-3.020741656799999930e+01,-2.849591321200000138e+01,-3.372627985700000153e+01,-3.369338852199999934e+01
1.251625625600000014e+01,-2.775348029399999916e+01,-3.848432766199999833e+01,-2.818155865900000023e+01,-3.602685670200000345e+01,-3.310330631899999787e+01
1.253626626600000016e+01,-3.223540197199999824e+01,-3.163337345800000122e+01,-3.233955035200000339e+01,-3.741583561899999921e+01,-2.990283641299999928e+01
1.255627627600000018e+01,-3.339052913399999767e+01,-2.957445682299999845e+01,-3.099159788100000057e+01,-3.251387693699999915e+01,-3.145033063600000034e+01
1.257628628600000020e+01,-3.061862803300000024e+01,-2.882691673400000099e+01,-2.864171272200000118e+01,-3.345202381000000003e+01,-3.111184015799999969e+01
1.259629629600000023e+01,-3.098645465799999954e+01,-3.025243999499999958e+01,-3.016516367699999890e+01,-3.133683643599999868e+01,-3.124824350700000153e+01
1.261630630600000025e+01,-3.063456539699999936e+01,-3.297416782500000210e+01,-3.763409781499999696e+01,-3.328736923400000336e+01,-3.164655319599999928e+01
1.263631631600000027e+01,-3.213337289900000115e+01,-4.571366951000000256e+01,-3.244141641200000237e+01,-3.024702610199999953e+01,-3.138995717699999943e+01
1.265632632600000029e+01,-2.622263660999999857e+01,-3.866990315599999661e+01,-3.176628539600000067e+01,-3.185608897799999895e+01,-2.932138719299999963e+01
1.267633633600000032e+01,-2.526976566000000091e+01,-5.719126627200000001e+01,-3.260274471400000351e+01,-3.091348326099999966e+01,-3.345711653600000091e+01
1.269634634600000034e+01,-2.726585694399999937e+01,-3.674015709700000087e+01,-3.070780780899999840e+01,-3.374566671299999854e+01,-2.901035308399999835e+01
1.271635635600000036e+01,-3.284803447699999879e+01,-3.881290007999999858e+01,-3.016679856900000090e+01,-3.095252982399999908e+01,-3.063961335799999830e+01
1.273636636600000038e+01,-3.356942192300000016e+01,-3.315566766399999921e+01,-2.874375568600000008e+01,-3.137304395199999973e+01,-2.917729687499999969e+01
1.275637637600000041e+01,-3.460440530599999676e+01,-3.423113966100000027e+01,-3.159685624400000137e+01,-3.030929430600000174e+01,-3.156859092899999908e+01
1.277638638600000043e+01,-3.086794718100000168e+01,-3.524972455099999991e+01,-3.544296512100000029e+01,-3.209416739899999982e+01,-3.122625704500000055e+01
1.279639639600000045e+01,-2.904338417099999958e+01,-4.615536621199999701e+01,-3.222169356399999884e+01,-3.392612189500000142e+01,-3.262803218500000213e+01
1.281640640600000047e+01,-3.776548073499999703e+01,-3.203529254600000087e+01,-3.348871310700000237e+01,-3.356455612199999905e+01,-3.087527593900000156e+01
1.283641641600000050e+01,-3.396598615300000290e+01,-4.206333488500000328e+01,-3.521771644799999734e+01,-3.244243703699999770e+01,-3.398268215499999911e+01
1.285642642600000052e+01,-3.279632686499999750e+01,-4.719339551000000199e+01,-3.613037030299999941e+01,-3.875843301199999758e+01,-3.221977536800000053e+01
1.287643643600000054e+01,-2.933559986699999911e+01,-3.843642353999999983e+01,-3.595827912800000092e+01,-3.569927303699999754e+01,-3.326357362800000317e+01
1.289644644600000056e+01,-3.098265449899999879e+01,-3.583139923699999940e+01,-3.602715955899999756e+01,-3.746460835700000302e+01,-3.535945402400000148e+01
1.291645645600000059e+01,-3.573064005799999876e+01,-3.332892929100000146e+01,-3.523057675199999750e+01,-3.600496729000000329e+01,-3.298450383899999849e+01
1.293646646600000061e+01,-3.837744856399999804e+01,-3.223417836200000153e+01,-3.466357728500000235e+01,-3.572796510700000283e+01,-3.371976740299999875e+01
1.295647647600000063e+01,-4.777733462100000139e+01,-4.034906435799999969e+01,-3.423246947900000237e+01,-4.064095245899999753e+01,-3.362628655799999677e+01
1.297648648600000065e+01,-4.014415156599999790e+01,-2.870814612699999913e+01,-3.466253610300000076e+01,-3.894704607700000309e+01,-3.259525752100000062e+01
1.299649649600000068e+01,-4.279390825299999790e+01,-3.222655704000000298e+01,-3.036495288300000084e+01,-3.560958862500000066e+01,-3.655449110499999676e+01
1.301650650700000078e+01,-4.326417874700000255e+01,-3.288262548400000185e+01,-3.193392768900000078e+01,-3.769293085300000001e+01,-3.427249122700000328e+01
1.303651651700000080e+01,-3.673338741999999968e+01,-3.421810529700000103e+01,-3.034398562499999841e+01,-3.764584869699999814e+01,-3.519122620000000268e+01
1.305652652700000083e+01,-4.641210137299999872e+01,-3.097869451700000099e+01,-3.145986202299999945e+01,-3.494284452800000196e+01,-3.112764669999999967e+01
1.307653653700000085e+01,-4.195243463900000336e+01,-3.061228644099999840e+01,-3.230250647100000094e+01,-3.676697142799999796e+01,-3.034638253900000038e+01
1.309654654700000087e+01,-3.401017353700000001e+01,-2.882730514900000074e+01,-3.245762294499999712e+01,-3.967682327699999689e+01,-3.326923946600000193e+01
1.311655655699999912e+01,-2.869007516899999999e+01,-3.370701598000000132e+01,-3.177683548499999944e+01,-3.507078480100000206e+01,-3.587760368400000033e+01
1.313656656699999914e+01,-2.845968486099999950e+01,-2.793069782599999940e+01,-3.012374798400000131e+01,-3.734255268700000130e+01,-2.953923805899999877e+01
1.315657657699999916e+01,-3.243962498199999800e+01,-3.045404001800000060e+01,-3.282901365000000027e+01,-3.287797807300000130e+01,-3.166843668099999931e+01
1.317658658699999918e+01,-4.111573685500000153e+01,-3.235130585000000281e+01,-3.338379538600000274e+01,-3.317017635100000206e+01,-2.900084528700000064e+01
1.319659659699999921e+01,-4.464000540499999659e+01,-3.304341062200000323e+01,-3.523227128199999925e+01,-3.197326806999999960e+01,-2.809575897399999889e+01
1.321660660699999923e+01,-3.910168350800000070e+01,-2.822688504299999934e+01,-3.531570125100000013e+01,-3.676990918700000321e+01,-2.805551054700000080e+01
1.323661661699999925e+01,-4.157408179699999806e+01,-2.998885894400000041e+01,-3.259461205600000255e+01,-4.159016839800000298e+01,-3.072007082000000011e+01
1.325662662699999927e+01,-3.976819351900000044e+01,-3.376074017900000257e+01,-3.378239302699999769e+01,-3.883304687700000102e+01,-4.084775319599999932e+01
1.327663663699999930e+01,-4.279770520200000306e+01,-3.307146170299999710e+01,-3.552623549799999836e+01,-3.309293291899999900e+01,-3.004925169999999923e+01
1.329664664699999932e+01,-3.950333158899999830e+01,-2.862363891800000104e+01,-3.432755402699999792e+01,-3.574093902599999950e+01,-3.006583838899999961e+01
1.331665665699999934e+01,-3.119974516699999967e+01,-3.070671385500000028e+01,-3.078273099500000143e+01,-3.716461068600000317e+01,-2.994745118999999889e+01
1.333666666699999936e+01,-3.344663098600000239e+01,-3.279302333999999775e+01,-3.151159770800000004e+01,-4.228336751500000190e+01,-3.257365494999999811e+01
1.335667667699999939e+01,-3.924899924399999662e+01,-3.759101415199999963e+01,-3.361205556600000222e+01,-3.498669660299999862e+01,-3.176647332499999976e+01
1.337668668699999941e+01,-3.237656946799999957e+01,-2.884052728600000037e+01,-3.006156022900000124e+01,-2.962221025599999891e+01,-2.844020504399999894e+01
1.339669669699999943e+01,-3.158280208500000086e+01,-3.759192698100000030e+01,-3.360380234200000160e+01,-3.473311643400000293e+01,-3.140027905399999852e+01
1.341670670699999945e+01,-2.595913166100000069e+01,-3.125262431599999857e+01,-3.542646362199999999e+01,-3.734999127599999724e+01,-2.871326022199999883e+01
1.343671671699999948e+01,-3.163820587700000075e+01,-3.442312324400000279e+01,-3.179881845599999934e+01,-3.172221680899999896e+01,-3.230023537499999975e+01
1.345672672699999950e+01,-2.912183607900000126e+01,-3.787691041099999723e+01,-3.504291472900000315e+01,-3.410238552500000253e+01,-3.123387552100000164e+01
1.347673673699999952e+01,-4.053434715899999929e+01,-3.213371840899999654e+01,-3.826284603500000259e+01,-2.912149588600000172e+01,-3.077067373899999936e+01
1.349674674699999954e+01,-3.516481055399999889e+01,-3.146520960799999855e+01,-3.484880174100000261e+01,-3.227434544100000124e+01,-3.056279330299999941e+01
1.351675675699999957e+01,-3.523785487300000341e+01,-3.524334486000000055e+01,-4.696893317300000348e+01,-3.245151897099999871e+01,-3.444882012099999713e+01
1.353676676699999959e+01,-3.238787441000000200e+01,-3.774199471600000066e+01,-3.458873489999999862e+01,-3.131714069199999884e+01,-2.778642119799999932e+01
1.355677677699999961e+01,-2.947528900800000073e+01,-3.639969518499999879e+01,-3.959927009599999792e+01,-3.174642696700000144e+01,-3.147019898499999968e+01
1.357678678699999963e+01,-2.867569220300000055e+01,-3.841511130899999671e+01,-3.096361241900000039e+01,-3.554376145999999892e+01,-3.107232933999999958e+01
1.359679679699999966e+01,-3.058053277999999864e+01,-3.813352237699999847e+01,-4.070927746800000335e+01,-3.836121349100000089e+01,-2.682640338299999883e+01
1.361680680699999968e+01,-4.180629685600000300e+01,-3.324140250199999969e+01,-3.884294790999999947e+01,-3.108195897999999957e+01,-3.206670129199999764e+01
1.363681681699999970e+01,-3.706369958799999864e+01,-3.095976775300000128e+01,-4.185283280499999847e+01,-3.723020702600000220e+01,-3.513258522099999936e+01
1.365682682699999972e+01,-3.399524030900000326e+01,-4.210734974100000017e+01,-3.642980923799999715e+01,-3.532924899300000021e+01,-3.140744300200000083e+01
1.367683683699999975e+01,-4.317848233800000202e+01,-2.732072737500000059e+01,-3.144390256200000167e+01,-3.057650444700000136e+01,-3.477208604300000161e+01
1.369684684699999977e+01,-4.592729953100000273e+01,-3.489730742999999791e+01,-3.779947429399999947e+01,-3.816341251000000057e+01,-3.126116931500000007e+01
1.371685685699999979e+01,-3.440824811600000288e+01,-4.052232372699999985e+01,-3.202070875900000146e+01,-3.551564563099999816e+01,-3.522416142299999819e+01
1.373686686699999981e+01,-3.556261884300000276e+01,-3.689974237999999929e+01,-4.144775073800000342e+01,-4.667891055999999850e+01,-3.892266313799999722e+01
1.375687687699999984e+01,-3.414122193200000055e+01,-3.689618330399999735e+01,-4.678960760900000082e+01,-3.140209063400000034e+01,-3.322897400099999743e+01
1.377688688699999986e+01,-3.036937911200000073e+01,-3.722599395499999986e+01,-3.961603280199999944e+01,-4.508723226499999726e+01,-4.138092937199999710e+01
1.379689689699999988e+01,-3.561457654800000228e+01,-4.627638443499999710e+01,-3.514996502500000020e+01,-4.170276259500000293e+01,-3.428645992100000228e+01
1.381690690699999990e+01,-2.778596585500000060e+01,-4.400445045800000088e+01,-3.356643340099999762e+01,-3.656910106099999780e+01,-3.257654714699999943e+01
1.383691691699999993e+01,-3.913262885399999647e+01,-2.763373638999999926e+01,-3.241320539299999837e+01,-3.829726979899999861e+01,-3.356101896300000220e+01
1.385692692699999995e+01,-4.054562138400000038e+01,-3.514529078000000339e+01,-3.155263644000000056e+01,-4.292059908499999921e+01,-3.003235637299999894e+01
1.387693693699999997e+01,-3.204058182699999691e+01,-4.388713388899999757e+01,-3.884826631100000327e+01,-4.281433596400000141e+01,-3.690385138399999931e+01
1.389694694699999999e+01,-3.590493895899999899e+01,-4.292162614299999746e+01,-3.178383315800000020e+01,-4.037060460099999659e+01,-2.945890896499999911e+01
1.391695695700000002e+01,-2.769797781600000164e+01,-3.698038821299999768e+01,-3.008723251099999985e+01,-4.452194739400000145e+01,-3.088385221300000083e+01
1.393696696700000004e+01,-3.288866455699999847e+01,-3.905125734500000334e+01,-3.515813171899999645e+01,-3.519139197399999830e+01,-3.150987252499999869e+01
1.395697697700000006e+01,-2.664518279800000045e+01,-3.736347635799999978e+01,-3.214945982100000066e+01,-3.406614678300000065e+01,-3.688122080800000191e+01
1.397698698700000008e+01,-2.525782072299999825e+01,-3.358126351699999645e+01,-3.272163488099999995e+01,-3.979389808399999851e+01,-3.277799449799999820e+01
1.399699699700000011e+01,-3.587352003899999886e+01,-3.682425162300000210e+01,-3.535450340700000282e+01,-4.148940709800000093e+01,-3.375701277000000289e+01
1.401700700700000013e+01,-3.343243740399999808e+01,-4.093817770500000108e+01,-3.111345499999999831e+01,-4.797126047599999765e+01,-2.836919945100000007e+01
1.403701701700000015e+01,-3.193401018799999846e+01,-3.520903840599999768e+01,-3.117621662999999899e+01,-4.264047014900000221e+01,-3.147567889700000165e+01
1.405702702700000017e+01,-3.226100026499999984e+01,-3.669776905900000230e+01,-3.306798352900000282e+01,-4.254888632099999768e+01,-3.053021935099999951e+01
1.407703703700000020e+01,-2.589525319799999892e+01,-4.239243441200000007e+01,-3.600084222400000300e+01,-4.625043185999999906e+01,-2.812887759699999890e+01
1.409704704700000022e+01,-3.189317875300000082e+01,-3.691752196699999899e+01,-3.649141350499999703e+01,-4.710208629000000258e+01,-2.821593172600000088e+01
1.411705705700000024e+01,-3.227391175199999651e+01,-3.039486564699999960e+01,-3.256534138300000336e+01,-5.566170101800000225e+01,-2.879941550399999883e+01
1.413706706700000026e+01,-2.564949092599999858e+01,-4.040802508499999846e+01,-3.180792708899999965e+01,-3.943852594100000175e+01,-3.606220642400000287e+01
1.415707707700000029e+01,-2.663091028499999879e+01,-3.884369094200000205e+01,-3.249164892299999963e+01,-4.357796819499999685e+01,-3.025219908600000096e+01
1.417708708700000031e+01,-2.060506435499999967e+01,-3.591159416299999663e+01,-3.496944890599999667e+01,-4.741177636399999784e+01,-2.965064525800000084e+01
1.419709709700000033e+01,-4.490400264099999816e+01,-3.826511263999999812e+01,-3.145759569000000155e+01,-4.422911351399999802e+01,-2.878795950800000014e+01
1.421710710700000035e+01,-3.477674684099999780e+01,-3.852447071400000311e+01,-3.041289859800000173e+01,-4.766919356399999685e+01,-2.874689250400000162e+01
1.423711711700000038e+01,-2.801873545000000121e+01,-3.794180627899999791e+01,-2.981599200000000138e+01,-4.294171060400000073e+01,-2.931138837900000027e+01
1.425712712700000040e+01,-2.602427754200000010e+01,-3.849438651399999856e+01,-3.275584604000000155e+01,-3.908448706800000139e+01,-3.033717854300000027e+01
1.427713713700000042e+01,-3.282147833599999842e+01,-3.436091053500000214e+01,-3.872274566299999776e+01,-4.484811482599999977e+01,-2.767155243999999925e+01
1.429714714700000044e+01,-2.894987848199999902e+01,-3.868034352800000164e+01,-3.340358815999999820e+01,-4.257492740699999700e+01,-3.028962266599999964e+01
1.431715715700000047e+01,-3.136189492100000109e+01,-4.408935903900000142e+01,-3.568384655900000269e+01,-3.506345899499999774e+01,-3.467208034800000149e+01
1.433716716700000049e+01,-3.778182234199999812e+01,-3.603730968600000040e+01,-2.916473577100000014e+01,-3.812902366000000143e+01,-2.699210569999999976e+01
1.435717717700000051e+01,-3.648250668400000052e+01,-3.646936005900000310e+01,-3.235062727599999732e+01,-3.497555691899999886e+01,-3.095101799100000051e+01
1.437718718700000053e+01,-3.231129944599999959e+01,-3.517595964899999927e+01,-3.582419051400000143e+01,-4.261426848800000045e+01,-3.245435907299999911e+01
1.439719719700000056e+01,-2.944281395000000146e+01,-4.375304916999999705e+01,-3.556415466699999683e+01,-3.996253177599999873e+01,-3.214319178899999940e+01
1.441720720700000058e+01,-3.401372505900000220e+01,-3.988192027800000261e+01,-4.369190095199999746e+01,-3.424420806900000258e+01,-4.094500934500000255e+01
1.443721721700000060e+01,-3.495135428300000058e+01,-4.463069509299999993e+01,-3.291524292599999768e+01,-3.385782641499999812e+01,-2.700925483700000029e+01
1.445722722700000062e+01,-4.168767860100000178e+01,-3.377573803300000321e+01,-3.162785474700000066e+01,-4.916741246800000198e+01,-3.095237299400000097e+01
1.447723723700000065e+01,-2.872334319899999855e+01,-3.342452298199999916e+01,-3.763317814700000241e+01,-3.600668552999999861e+01,-3.270806454800000296e+01
1.449724724700000067e+01,-3.692809436200000306e+01,-4.436322082600000272e+01,-3.342516192299999744e+01,-3.488907576300000102e+01,-3.404603251300000011e+01
1.451725725700000069e+01,-6.285097304699999654e+01,-3.295082689200000203e+01,-3.470197374899999687e+01,-3.727244882800000170e+01,-3.577838930400000095e+01
1.453726726700000071e+01,-3.840888775399999844e+01,-3.444345725000000158e+01,-3.711736836200000056e+01,-3.919977689899999973e+01,-4.559104221900000198e+01
1.455727727700000074e+01,-3.971063621599999749e+01,-3.622060030400000130e+01,-3.486902796399999716e+01,-4.059676255499999797e+01,-4.483054248199999847e+01
1.457728728700000076e+01,-4.803212935999999900e+01,-3.147623698499999989e+01,-4.014975403700000101e+01,-3.606491181999999895e+01,-3.294697283899999718e+01
1.459729729700000078e+01,-4.290376267700000312e+01,-5.711478159800000043e+01,-3.928017504700000018e+01,-3.368327864700000163e+01,-4.056802149199999974e+01
1.461730730700000080e+01,-3.347641480899999777e+01,-6.132027994799999959e+01,-3.350061078000000236e+01,-3.995116108799999921e+01,-3.729897397300000250e+01
1.463731731700000083e+01,-3.998700969299999741e+01,-4.187666751599999770e+01,-3.481220620300000235e+01,-4.006844889599999959e+01,-3.806130499500000042e+01
1.465732732700000085e+01,-3.320249005299999823e+01,-3.553355704599999854e+01,-3.302051613100000083e+01,-3.905030421800000084e+01,-3.450001785300000279e+01
1.467733733700000087e+01,-3.695095482699999678e+01,-4.113117381400000028e+01,-3.280821481699999964e+01,-3.113448804300000106e+01,-3.639502548299999773e+01
1.469734734699999912e+01,-2.398391721000000132e+01,-3.879875209800000135e+01,-3.359811660399999766e+01,-4.155071222299999789e+01,-3.408207348300000206e+01
1.471735735699999914e+01,-4.405990373200000221e+01,-4.112136640899999662e+01,-2.805623734999999996e+01,-3.908532196800000236e+01,-3.418198448500000097e+01
1.473736736699999916e+01,-4.293239571299999824e+01,-2.581414006299999997e+01,-3.599942802199999647e+01,-3.331929272899999717e+01,-2.658437222999999960e+01
1.475737737699999919e+01,-4.636582932299999982e+01,-2.864075329199999942e+01,-3.051464782900000117e+01,-3.798990148400000066e+01,-3.724045020700000208e+01
1.477738738699999921e+01,-3.904197595899999840e+01,-3.417450506899999851e+01,-3.034098545599999852e+01,-3.654941915999999935e+01,-3.692313841800000063e+01
1.479739739699999923e+01,-3.175141628300000107e+01,-3.452053272799999917e+01,-2.917274011700000003e+01,-3.750903158199999865e+01,-2.952221855799999872e+01
1.481740740699999925e+01,-3.897161792400000024e+01,-4.937364792799999691e+01,-2.991142703599999919e+01,-3.362451356599999741e+01,-4.293286683099999834e+01
1.483741741699999928e+01,-4.055699556100000081e+01,-2.923527045699999860e+01,-3.698782331999999684e+01,-5.236054054699999938e+01,-3.087560929200000004e+01
1.485742742699999930e+01,-3.285190758200000261e+01,-3.537153336800000147e+01,-3.136159211300000038e+01,-3.430849698200000120e+01,-2.990461531600000100e+01
1.487743743699999932e+01,-3.228826699500000075e+01,-2.798170169799999840e+01,-3.093988588699999909e+01,-3.530137159899999943e+01,-3.471256992400000030e+01
1.489744744699999934e+01,-3.254541007899999983e+01,-3.356053905899999990e+01,-2.736858588000000125e+01,-4.423193397499999691e+01,-2.893968704099999911e+01
1.491745745699999937e+01,-5.514884538300000116e+01,-3.552759198599999735e+01,-3.280826170099999928e+01,-5.764152937099999718e+01,-2.358048241499999875e+01
1.493746746699999939e+01,-3.398200568000000032e+01,-3.059390764999999845e+01,-3.254101656999999648e+01,-3.387939497899999708e+01,-2.323227874499999857e+01
1.495747747699999941e+01,-3.659699999400000081e+01,-3.499220946300000179e+01,-3.012822581800000066e+01,-4.885973677500000178e+01,-2.267295975800000107e+01
1.497748748699999943e+01,-2.326684872699999929e+01,-3.578139576600000282e+01,-3.245803838799999852e+01,-4.691989121900000015e+01,-2.663565711500000077e+01
1.499749749699999946e+01,-2.848301500799999886e+01,-3.567288500899999804e+01,-3.567968825599999860e+01,-4.866157737000000338e+01,-2.573703223400000084e+01
1.501750750799999956e+01,-2.849494270599999979e+01,-3.459269468200000119e+01,-3.471804422000000301e+01,-3.945074750199999869e+01,-2.857995314400000098e+01
1.503751751799999958e+01,-2.493844889400000042e+01,-4.327359977599999752e+01,-3.806537481800000222e+01,-3.905156828700000204e+01,-2.760731388900000027e+01
1.505752752799999961e+01,-3.840300686900000215e+01,-3.568931385700000192e+01,-3.015300339499999893e+01,-3.387365043199999803e+01,-2.709253224900000134e+01
1.507753753799999963e+01,-2.504432175699999874e+01,-3.028790227000000002e+01,-3.005740539099999964e+01,-4.104133648100000187e+01,-2.506764614300000105e+01
1.509754754799999965e+01,-2.438158187899999874e+01,-4.084377732699999797e+01,-3.389268620699999701e+01,-3.787422786999999857e+01,-2.558610090000000170e+01
1.511755755799999967e+01,-2.890400575800000027e+01,-2.979770901699999897e+01,-3.242181774499999847e+01,-3.742095316999999710e+01,-3.179537377899999839e+01
1.513756756799999970e+01,-2.915270841399999924e+01,-4.172920958499999955e+01,-3.586974244200000328e+01,-3.475989021499999865e+01,-3.055177290399999990e+01
1.515757757799999972e+01,-3.046680548200000160e+01,-3.288391163699999709e+01,-2.929770174000000083e+01,-3.480762360599999994e+01,-2.992813248499999901e+01
1.517758758799999974e+01,-3.214725134599999734e+01,-2.165174295399999949e+01,-2.408265872300000154e+01,-2.991128141700000143e+01,-2.762781798600000016e+01
1.519759759799999976e+01,-3.358814251500000125e+01,-3.244267943999999915e+01,-3.812847356500000018e+01,-3.845045845599999979e+01,-2.668311051999999961e+01
1.521760760799999979e+01,-3.307139632599999857e+01,-3.568770325100000207e+01,-3.334596927199999783e+01,-3.377167496599999907e+01,-3.504728383900000210e+01
1.523761761799999981e+01,-4.376450075900000058e+01,-4.522638694100000123e+01,-3.336239175899999765e+01,-4.654683585299999748e+01,-2.972048332399999993e+01
1.525762762799999983e+01,-3.024723715200000029e+01,-4.301184290500000174e+01,-3.250053765999999911e+01,-4.262691495499999661e+01,-3.080521359000000103e+01
1.527763763799999985e+01,-4.230202993099999986e+01,-3.733254463000000101e+01,-2.910197851099999866e+01,-3.365846856299999956e+01,-3.776245562399999756e+01
1.529764764799999988e+01,-4.263263849300000174e+01,-3.740578394900000347e+01,-3.130778939600000044e+01,-4.892714323300000245e+01,-4.700919751100000354e+01
1.531765765799999990e+01,-4.370005572600000221e+01,-5.316523102800000089e+01,-3.075456474599999979e+01,-4.014814394599999758e+01,-3.210507637900000333e+01
1.533766766799999992e+01,-4.278960691599999677e+01,-3.334715413100000347e+01,-2.699224038599999886e+01,-4.541192072599999818e+01,-5.094325148400000103e+01
1.535767767799999994e+01,-4.220559332399999874e+01,-2.654270903200000120e+01,-2.795942734799999840e+01,-4.640268756300000064e+01,-4.167077461400000260e+01
1.537768768799999997e+01,-3.499125157600000335e+01,-4.059573378399999655e+01,-2.590838122399999932e+01,-4.160420916300000016e+01,-4.324441406399999721e+01
1.539769769799999999e+01,-2.523730632199999846e+01,-4.726225636299999877e+01,-2.635076771499999992e+01,-3.598867815399999870e+01,-4.678796927300000164e+01
1.541770770800000001e+01,-3.615323208099999874e+01,-3.718826599799999855e+01,-2.796103878799999976e+01,-4.247529789499999708e+01,-2.764847570399999910e+01
1.543771771800000003e+01,-3.756759448300000059e+01,-2.572280600599999900e+01,-2.740266124400000081e+01,-3.362638056899999839e+01,-2.747555653399999898e+01
1.545772772800000006e+01,-2.682372780600000084e+01,-4.454567488400000030e+01,-2.767945663700000125e+01,-3.753070412900000008e+01,-3.080154718400000036e+01
1.547773773800000008e+01,-5.542596450100000283e+01,-4.692489512800000284e+01,-2.660310241699999878e+01,-3.682877591100000103e+01,-2.567961517499999857e+01
1.549774774800000010e+01,-3.863610855799999655e+01,-3.327570477199999743e+01,-3.127260318900000158e+01,-3.459640263000000004e+01,-2.621875093599999929e+01
1.551775775800000012e+01,-3.074418870699999928e+01,-3.270419920500000188e+01,-2.691127379899999994e+01,-3.607676141999999686e+01,-2.999176211400000014e+01
1.553776776800000015e+01,-3.116451040500000147e+01,-2.856040041400000007e+01,-2.639252892800000083e+01,-3.436763664600000112e+01,-2.893004432600000086e+01
1.555777777800000017e+01,-2.868394476499999968e+01,-4.772246181999999948e+01,-2.511408378400000174e+01,-4.774450328599999693e+01,-2.557356403900000075e+01
1.557778778800000019e+01,-2.968649531499999839e+01,-3.546679358299999762e+01,-2.566265541699999986e+01,-4.437144781100000301e+01,-2.466865460300000024e+01
1.559779779800000021e+01,-2.909523715699999968e+01,-4.322097040599999929e+01,-2.447296048400000146e+01,-3.627338915800000052e+01,-3.672343229900000239e+01
1.561780780800000024e+01,-2.941759819800000031e+01,-4.058296154500000341e+01,-2.438052405999999905e+01,-4.387270877800000335e+01,-2.800586131800000089e+01
1.563781781800000026e+01,-3.776295557099999911e+01,-3.110451610000000144e+01,-2.394183194800000081e+01,-3.213892636300000305e+01,-2.367143170599999991e+01
1.565782782800000028e+01,-2.706885469899999919e+01,-3.543814049299999880e+01,-2.574851190000000045e+01,-3.591996381199999888e+01,-2.728545671399999861e+01
1.567783783800000030e+01,-2.477487957399999985e+01,-3.123526491699999852e+01,-2.367811109299999828e+01,-3.842237892100000352e+01,-3.057580419900000024e+01
1.569784784800000033e+01,-2.898433053000000115e+01,-3.421382356299999827e+01,-2.253201745999999872e+01,-4.423520818000000077e+01,-1.773696491999999836e+01
1.571785785800000035e+01,-2.879709945200000121e+01,-5.123489112099999687e+01,-2.315039781899999838e+01,-3.863045231400000290e+01,-2.319119600200000164e+01
1.573786786800000037e+01,-3.098118351300000128e+01,-4.527886934299999666e+01,-2.090430250800000067e+01,-3.171780002799999920e+01,-2.709829968500000064e+01
1.575787787800000039e+01,-3.469705160099999830e+01,-3.470985590000000087e+01,-2.230033311800000106e+01,-3.116526822699999855e+01,-2.787646445000000028e+01
1.577788788800000042e+01,-3.800508785600000294e+01,-4.074264589700000272e+01,-2.273291857899999968e+01,-3.877177980399999768e+01,-2.698533397499999964e+01
1.579789789800000044e+01,-2.349476306100000045e+01,-2.718177030900000091e+01,-2.387309069899999869e+01,-4.177043925400000290e+01,-2.021407184999999984e+01
1.581790790800000046e+01,-3.843745472399999841e+01,-3.340193563500000096e+01,-2.422027818200000127e+01,-2.764323284199999975e+01,-2.023386072299999938e+01
1.583791791800000048e+01,-4.279730532300000334e+01,-1.904779110500000172e+01,-2.488830792699999961e+01,-2.930231557100000117e+01,-2.257422052700000137e+01
1.585792792800000051e+01,-4.019322910399999671e+01,-3.461816700499999655e+01,-2.502016330100000019e+01,-3.631458766499999768e+01,-2.368873740100000092e+01
1.587793793800000053e+01,-4.551943506899999647e+01,-4.044283561499999990e+01,-2.397706879300000082e+01,-2.951207209600000070e+01,-2.448674158200000051e+01
1.589794794800000055e+01,-3.866886745000000047e+01,-4.509446247500000027e+01,-2.309596988099999848e+01,-3.193918196799999976e+01,-2.291169343500000011e+01
1.591795795800000057e+01,-3.525873589199999714e+01,-3.507176205999999752e+01,-2.338939801400000107e+01,-2.830254738000000003e+01,-2.101753463000000011e+01
1.593796796800000060e+01,-3.235094643400000081e+01,-3.989156006399999654e+01,-2.545345234499999876e+01,-2.864850110700000130e+01,-1.882710144400000019e+01
1.595797797800000062e+01,-3.170654791000000117e+01,-3.693190641000000340e+01,-2.179414738999999912e+01,-2.764130188000000032e+01,-2.243908115400000014e+01
1.597798798800000064e+01,-3.767640239899999699e+01,-3.078167917200000048e+01,-2.543752954700000046e+01,-2.343224677199999917e+01,-2.790495055599999930e+01
1.599799799800000066e+01,-3.404210382699999826e+01,-3.207757150500000165e+01,-2.265694094799999903e+01,-3.482686134099999720e+01,-2.279928500200000130e+01
1.601800800799999891e+01,-2.847936789599999940e+01,-4.492192119700000319e+01,-2.521595057600000089e+01,-2.826721575799999897e+01,-2.470177576700000088e+01
1.603801801799999893e+01,-3.686360248900000158e+01,-3.018694805299999828e+01,-2.428577935899999929e+01,-2.904443153900000141e+01,-2.485042197499999972e+01
1.605802802799999895e+01,-3.693350345099999998e+01,-3.957316614799999854e+01,-2.473722048599999823e+01,-3.093088162400000130e+01,-2.414301261700000012e+01
1.607803803799999898e+01,-3.406724350399999679e+01,-4.644736658000000062e+01,-2.439721567200000152e+01,-2.514371972200000016e+01,-2.648475314099999878e+01
1.609804804799999900e+01,-3.551707865200000214e+01,-3.499151972199999960e+01,-2.572950309599999841e+01,-2.727607899499999888e+01,-2.476441486499999911e+01
1.611805805799999902e+01,-3.293259121100000186e+01,-3.161701735300000138e+01,-2.464855993600000161e+01,-2.777456589299999834e+01,-2.375382928799999860e+01
1.613806806799999904e+01,-3.000088997699999993e+01,-2.745683255100000153e+01,-2.433565485700000153e+01,-3.089640771199999847e+01,-2.637432219000000089e+01
1.615807807799999907e+01,-2.738920594800000075e+01,-3.283495239199999816e+01,-2.609960481699999946e+01,-3.015098017000000041e+01,-2.746865194400000121e+01
1.617808808799999909e+01,-3.071036949899999868e+01,-4.567898771099999777e+01,-2.465098306999999878e+01,-4.038418348399999758e+01,-2.371388087000000056e+01
1.619809809799999911e+01,-2.417492109399999833e+01,-4.039599826500000290e+01,-2.674034998899999849e+01,-2.694062487200000078e+01,-2.866406869000000057e+01
1.621810810799999913e+01,-1.767049997299999831e+01,-3.867986576700000256e+01,-2.634688233600000018e+01,-3.430044744799999989e+01,-2.214185600100000073e+01
1.623811811799999916e+01,-3.076894003399999988e+01,-3.809327178699999905e+01,-2.787468821499999905e+01,-3.488594652399999774e+01,-2.479180110500000112e+01
1.625812812799999918e+01,-3.017658435999999966e+01,-2.418741597300000024e+01,-2.903943463999999963e+01,-3.102912161300000093e+01,-2.134798012999999983e+01
1.627813813799999920e+01,-2.859118200400000021e+01,-4.420253457300000122e+01,-2.954045686199999921e+01,-3.122728405499999838e+01,-2.508597924700000092e+01
1.629814814799999922e+01,-2.622426496499999971e+01,-3.249118422400000128e+01,-2.836496350599999872e+01,-3.639839201299999871e+01,-2.121217618500000057e+01
1.631815815799999925e+01,-3.253665769199999858e+01,-3.262264007800000343e+01,-2.367126714500000162e+01,-2.871720698000000027e+01,-1.569107481800000059e+01
1.633816816799999927e+01,-2.899870051199999921e+01,-4.259000615699999770e+01,-2.646219236900000027e+01,-3.850742370700000095e+01,-2.312012431300000159e+01
1.635817817799999929e+01,-3.083921000100000143e+01,-2.806833170000000166e+01,-2.761485460500000144e+01,-3.416426803299999904e+01,-2.387200109000000126e+01
1.637818818799999931e+01,-1.020935800800000015e+00,-3.006283323599999946e+01,-2.507109197799999833e+01,-1.615224344199999962e+01,-2.203149275899999893e+01
1.639819819799999934e+01,-3.042355154999999911e+01,-4.819490316499999949e+01,-2.533488511699999890e+01,-3.395738031500000176e+01,-2.573181551200000072e+01
1.641820820799999936e+01,-3.845314664800000060e+01,-1.903915244799999940e+01,-2.943133489999999952e+01,-2.185592855599999851e+01,-2.464124921399999835e+01
1.643821821799999938e+01,-2.535597487700000130e+01,-3.278186645200000271e+01,-2.459173229399999983e+01,-3.036145007900000081e+01,-2.217088422200000153e+01
1.645822822799999940e+01,-2.795492550299999834e+01,-3.001117640900000083e+01,-2.727992668299999934e+01,-2.982076156600000161e+01,-2.044686836200000002e+01
1.647823823799999943e+01,-3.152360295700000137e+01,-3.549393899700000077e+01,-2.863312490699999913e+01,-2.777724954500000010e+01,-4.361810719900000066e+01
1.649824824799999945e+01,-4.796339598699999840e+01,-3.792429492699999827e+01,-2.850065545400000033e+01,-3.314772456899999753e+01,-2.543677956399999829e+01
1.651825825799999947e+01,-3.117406777300000087e+01,-3.452458182299999834e+01,-2.929892294300000088e+01,-2.505315994400000079e+01,-2.371144392900000142e+01
1.653826826799999949e+01,-2.626748127600000160e+01,-3.184900621699999945e+01,-2.943491704899999917e+01,-3.056254479200000063e+01,-1.695550069900000167e+01
1.655827827799999952e+01,-3.189247237400000046e+01,-3.178440283500000163e+01,-3.690115384700000334e+01,-3.036401951899999929e+01,-2.905157056099999835e+01
1.657828828799999954e+01,-3.067150132100000093e+01,-3.606209950099999872e+01,-3.076692672100000081e+01,-2.969880665000000164e+01,-2.757623494099999917e+01
1.659829829799999956e+01,-3.416761452499999763e+01,-3.738701546600000114e+01,-2.809507068199999935e+01,-2.782720809199999934e+01,-2.558785471499999886e+01
1.661830830799999958e+01,-3.745390245299999776e+01,-3.639939416099999647e+01,-3.140071596499999984e+01,-3.059002589500000013e+01,-2.733585795000000118e+01
1.663831831799999961e+01,-3.938321146300000208e+01,-3.163956605599999961e+01,-3.093487951899999899e+01,-2.800716947000000090e+01,-3.178574253500000069e+01
1.665832832799999963e+01,-3.330592589399999781e+01,-3.320070307400000331e+01,-3.115346411399999837e+01,-2.570740399800000020e+01,-3.093838508500000017e+01
1.667833833799999965e+01,-3.917447125700000043e+01,-4.933106920600000223e+01,-3.326211346000000191e+01,-3.022578336100000129e+01,-2.729921491099999997e+01
1.669834834799999967e+01,-3.324161895200000316e+01,-3.651552559400000320e+01,-3.429783039299999814e+01,-2.985181981599999901e+01,-2.466306437700000131e+01
1.671835835799999970e+01,-4.446599204099999980e+01,-4.035579053600000066e+01,-2.747607637500000166e+01,-2.988639845300000175e+01,-3.068770821300000051e+01
1.673836836799999972e+01,-3.439958790200000038e+01,-4.657198943299999883e+01,-2.924607397500000161e+01,-3.099719667100000109e+01,-2.458287297000000038e+01
1.675837837799999974e+01,-9.039814687999999876e+00,-4.906272233400000005e+01,-2.706458376400000176e+01,-2.797791268599999981e+01,-3.142915707399999903e+01
1.677838838799999976e+01,-3.690456615600000134e+01,-4.309555879199999850e+01,-3.261534946599999785e+01,-3.135982303500000157e+01,-2.586264852900000122e+01
1.679839839799999979e+01,-4.096305650200000059e+01,-1.884857865600000082e+01,-2.808615030800000056e+01,-3.835472526000000215e+01,-3.435800911100000121e+01
1.681840840799999981e+01,-3.305386601800000079e+01,-3.621366780500000004e+01,-3.047100318300000055e+01,-3.593911483200000134e+01,-2.950592347499999946e+01
1.683841841799999983e+01,-3.517521430899999757e+01,-3.572106099100000165e+01,-2.650521893799999873e+01,-3.563844359899999858e+01,-2.500084374600000103e+01
1.685842842799999985e+01,-4.074082858599999923e+01,-3.547838245599999851e+01,-2.721953950099999986e+01,-2.921474478800000085e+01,-2.350072541100000123e+01
1.687843843799999988e+01,-3.359573627700000031e+01,-4.626262063299999738e+01,-2.637109038799999894e+01,-2.952334890099999853e+01,-2.359531509800000038e+01
1.689844844799999990e+01,-3.292129777800000312e+01,-4.215232803199999978e+01,-2.906462983500000163e+01,-3.138683091900000122e+01,-2.626641530199999863e+01
1.691845845799999992e+01,-3.051676398000000034e+01,-4.776309927799999855e+01,-3.505280816500000185e+01,-3.166891923700000078e+01,-3.014856905099999906e+01
1.693846846799999994e+01,-2.231397226600000039e+01,-4.426778948300000138e+01,-2.879533199999999837e+01,-3.113920083000000005e+01,-2.724502558900000082e+01
1.695847847799999997e+01,-3.524364422099999672e+01,-3.723197608699999961e+01,-2.913642864099999841e+01,-3.123545211900000140e+01,-1.597005522199999916e+01
1.697848848799999999e+01,-2.369826775599999991e+01,-2.336383204399999869e+01,-2.989843660400000047e+01,-2.834926947599999991e+01,-2.781166318000000004e+01
1.699849849800000001e+01,-4.030894694399999878e+01,-4.456703601800000314e+01,-2.727668261999999899e+01,-1.737451786300000123e+01,-2.292421406600000111e+01
1.701850850900000012e+01,-2.362708847100000042e+01,-4.070723075899999799e+01,-2.890150814000000068e+01,-3.088973056400000061e+01,-2.480029376099999894e+01
1.703851851900000014e+01,-3.886630348199999929e+01,-2.422450376899999824e+01,-2.350268152800000010e+01,-2.348651421099999936e+01,-2.819713873399999926e+01
1.705852852900000016e+01,-5.894038347400000077e+01,-3.111103714200000070e+01,-3.082425147100000018e+01,-3.626923074199999775e+01,-2.081248392499999866e+01
1.707853853900000018e+01,-4.064121083900000286e+01,-3.280797344399999815e+01,-2.872437967400000147e+01,-2.968641042999999868e+01,-3.443689410199999656e+01
1.709854854900000021e+01,-2.338501460499999851e+01,-2.936109496699999966e+01,-3.131142406200000039e+01,-2.489063680499999975e+01,-3.855754645500000066e+01
1.711855855900000023e+01,-4.070897687200000092e+01,-3.193070202099999833e+01,-3.348579073199999812e+01,-3.415905091500000168e+01,-2.429325072299999988e+01
1.713856856900000025e+01,-4.086569795500000168e+01,-3.183432876599999872e+01,-3.140019430399999933e+01,-2.549605736199999839e+01,-2.922782927400000119e+01
1.715857857900000027e+01,-2.976751532500000152e+01,-2.619204683999999972e+01,-1.913166640100000038e+01,-2.201849022600000083e+01,-3.490909033999999878e+01
1.717858858900000030e+01,-4.300212504600000329e+01,-3.845503587799999679e+01,-3.445128768000000008e+01,-3.500029219900000044e+01,-2.925422664699999942e+01
1.719859859900000032e+01,-4.474001347200000112e+01,-2.568041548000000063e+01,-2.584223690399999995e+01,-2.165474514199999945e+01,-3.017845479700000055e+01
1.721860860900000034e+01,-2.974946168299999982e+01,-3.302543260499999889e+01,-2.672462614799999869e+01,-3.173246145799999951e+01,-3.332263308999999651e+01
1.723861861900000036e+01,-2.767339071700000019e+01,-3.006402113600000092e+01,-3.109183689500000014e+01,-4.372888870999999966e+01,-2.555292325499999961e+01
1.725862862900000039e+01,-3.482127948000000117e+01,-3.834765407100000090e+01,-3.012764297700000071e+01,-2.979429748200000105e+01,-3.065841581800000171e+01
1.727863863900000041e+01,-4.891520942999999733e+01,-2.845653011399999954e+01,-2.192932189400000098e+01,-2.601525489500000177e+01,-2.709114770600000099e+01
1.729864864900000043e+01,-3.168766972899999956e+01,-3.119834782199999879e+01,-2.666201157100000074e+01,-3.638352070399999860e+01,-3.132645200900000049e+01
1.731865865900000045e+01,-2.962698400700000079e+01,-4.082144215999999659e+01,-2.523391038899999828e+01,-2.892052076999999954e+01,-1.445210153600000069e+01
1.733866866900000048e+01,-3.826489254500000214e+01,-2.954351592600000131e+01,-2.235583369500000117e+01,-2.781707782200000167e+01,-3.065011227200000121e+01
1.735867867900000050e+01,-3.406180865900000043e+01,-2.855502168499999982e+01,-2.777597167700000114e+01,-3.429008318799999699e+01,-3.346692937800000323e+01
1.737868868900000052e+01,-2.942833573900000133e+01,-3.164654692099999878e+01,-2.403816955599999972e+01,-3.101323247599999888e+01,-3.428642008599999969e+01
1.739869869900000054e+01,-3.560050900299999910e+01,-3.004835541599999971e+01,-2.736021692199999933e+01,-3.271264112499999754e+01,-3.427513375099999848e+01
1.741870870900000057e+01,-2.822769360899999924e+01,-3.123260043300000177e+01,-2.401112110800000110e+01,-2.324339024600000059e+01,-2.014265381499999918e+01
1.743871871900000059e+01,-3.913862562999999994e+01,-2.858522992900000048e+01,-2.565938861500000101e+01,-3.169194376800000157e+01,-3.338966701999999742e+01
1.745872872900000061e+01,-2.901462229699999895e+01,-3.385104898099999815e+01,-2.971379023400000108e+01,-3.326665698099999702e+01,-3.698546368600000278e+01
1.747873873900000063e+01,-3.650320203100000072e+01,-3.390934444300000195e+01,-3.152909875699999986e+01,-3.166294772099999832e+01,-2.198702835299999947e+01
1.749874874900000066e+01,-2.584455648799999850e+01,-2.496618069199999823e+01,-2.979862047900000022e+01,-3.592637169099999994e+01,-2.608425614800000147e+01
1.751875875900000068e+01,-3.681795727800000151e+01,-2.948341804300000035e+01,-2.906873229400000014e+01,-2.975227234200000126e+01,-3.425016519700000117e+01
1.753876876900000070e+01,-3.394787063300000085e+01,-4.738703196800000228e+01,-3.016015982300000076e+01,-2.880087473600000081e+01,-1.824605583199999970e+01
1.755877877900000072e+01,-3.667699719099999811e+01,-3.532222268200000315e+01,-2.472882293600000025e+01,-3.264151212600000207e+01,-3.009466374799999855e+01
1.757878878900000075e+01,-3.281232239799999917e+01,-2.842444787199999823e+01,-2.528624263100000036e+01,-2.570787407899999977e+01,-3.997478994699999788e+01
1.759879879900000077e+01,-3.846185954500000292e+01,-3.480427727699999707e+01,-2.693172121499999960e+01,-1.851919537699999907e+01,-2.441444451399999949e+01
1.761880880900000079e+01,-2.246839660999999921e+01,-2.958876440699999932e+01,-3.056569581799999824e+01,-3.899645612900000202e+01,-2.269775355299999831e+01
1.763881881900000081e+01,-4.678772738699999678e+01,-2.392023005500000110e+01,-2.799775019200000159e+01,-3.029723431800000100e+01,-2.996945095599999931e+01
1.765882882900000084e+01,-4.270824349299999767e+01,-3.107976272200000167e+01,-2.979900201599999932e+01,-2.763213556299999851e+01,-3.028914261199999913e+01
1.767883883900000086e+01,-2.354695167599999905e+01,-3.312039952399999976e+01,-3.139119427800000039e+01,-2.496845825899999838e+01,-3.104593669899999853e+01
1.769884884900000088e+01,-4.406599294200000116e+01,-5.454699238999999977e+01,-2.061231867700000109e+01,-1.475935315299999928e+01,-2.799330273900000066e+01
1.771885885900000090e+01,-4.568275362800000039e+01,-3.169866124800000051e+01,-2.384391277799999997e+01,-2.445488112399999991e+01,-1.787679187000000169e+01
1.773886886900000093e+01,-2.643914564099999964e+01,-3.492888672499999814e+01,-2.795043049399999902e+01,-3.174229683000000080e+01,-2.444390378299999966e+01
1.775887887900000095e+01,-3.928744231200000314e+01,-3.470685629300000130e+01,-2.711711450399999990e+01,-2.628275175399999952e+01,-3.419911728600000345e+01
1.777888888900000097e+01,-2.829447962500000102e+01,-3.643497667300000131e+01,-2.367378865499999918e+01,-2.485062489199999902e+01,-2.739457803799999880e+01
1.779889889900000099e+01,-3.022171429899999850e+01,-3.774723391300000230e+01,-2.196568682599999889e+01,-1.666595978100000153e+01,-1.147917170700000078e+01
1.781890890900000102e+01,-4.110709407499999912e+01,-4.098197706100000204e+01,-3.165641568099999859e+01,-2.557445955100000035e+01,-2.995639810100000133e+01
1.783891891900000104e+01,-2.844303750399999942e+01,-3.676161843599999912e+01,-2.599297816200000000e+01,-2.946995619300000158e+01,-2.908706034700000131e+01
1.785892892900000106e+01,-4.026328085400000134e+01,-2.182060914399999874e+01,-3.647441199000000012e+01,-2.928628691899999836e+01,-2.365400248599999955e+01
1.787893893900000108e+01,-3.966201343899999898e+01,-4.235633671499999764e+01,-2.289441916299999846e+01,-2.595905003400000055e+01,-2.741221303400000053e+01
1.789894894900000111e+01,-2.703788202100000149e+01,-3.615929932200000252e+01,-3.072590990999999860e+01,-2.967177285800000064e+01,-2.326686800199999894e+01
1.791895895900000113e+01,-3.855118808099999939e+01,-3.011270130200000139e+01,-2.808746713100000036e+01,-2.026600611699999988e+01,-2.354107617900000093e+01
1.793896896900000115e+01,-4.173394799100000085e+01,-2.855362243100000086e+01,-1.462190441599999957e+01,-9.855020787699999119e+00,-2.093019572100000047e+01
1.795897897900000117e+01,-2.836256147599999977e+01,-3.761382795400000134e+01,-3.142150165400000006e+01,-2.464481934000000152e+01,-2.200896235200000106e+01
1.797898898900000120e+01,-4.733573326100000145e+01,-2.469540029499999889e+01,-3.012985109099999903e+01,-2.986875673699999822e+01,-2.035626907199999991e+01
1.799899899900000122e+01,-3.545920576500000010e+01,-4.259687950099999654e+01,-1.384497134899999971e+01,-2.171787863599999824e+01,-1.280731906900000006e+01
1.801900900900000124e+01,-3.910522116300000306e+01,-4.272433276600000340e+01,-2.606719280600000133e+01,-2.827302779300000068e+01,-1.755446268700000090e+01
1.803901901900000126e+01,-5.236387306299999977e+01,-4.473359420900000316e+01,-3.046104238499999894e+01,-3.476377911600000203e+01,-2.382891975500000115e+01
1.805902902900000129e+01,-3.431736232800000153e+01,-2.749125986700000013e+01,-2.413927687500000019e+01,-2.182432643599999977e+01,-2.466028915000000055e+01
1.807903903900000131e+01,-4.541173585800000012e+01,-4.723690189799999928e+01,-2.782241299900000087e+01,-2.624477207199999995e+01,-2.765572526000000053e+01
1.809904904900000133e+01,-4.395106297800000306e+01,-3.490617074200000047e+01,-2.495056021899999976e+01,-2.390304516200000151e+01,-2.224005074200000109e+01
1.811905905900000135e+01,-3.202349241099999944e+01,-2.336237611399999992e+01,-2.695550024499999964e+01,-2.637094348100000119e+01,-2.101885456700000177e+01
1.813906906900000138e+01,-4.465804100300000101e+01,-4.041306275899999889e+01,-2.652192606899999916e+01,-3.248797231999999724e+01,-2.288409157299999919e+01
1.815907907900000140e+01,-3.968833820399999723e+01,-4.699742825799999935e+01,-2.642226303300000012e+01,-2.789638582799999966e+01,-2.906375785899999897e+01
1.817908908900000142e+01,-3.579552285700000169e+01,-3.779913317100000114e+01,-4.514236210800000038e+01,-2.622386799099999877e+01,-2.898582963999999862e+01
1.819909909900000144e+01,-3.835829820099999665e+01,-3.705252499800000265e+01,-2.781571647799999880e+01,-3.298725141999999977e+01,-2.350386205399999895e+01
1.821910910900000147e+01,-3.492989702700000265e+01,-4.273270953400000138e+01,-3.212907176299999890e+01,-2.453432996900000163e+01,-3.780857384200000126e+01
1.823911911900000149e+01,-3.836309168700000072e+01,-3.037090833699999948e+01,-3.225742919300000011e+01,-3.622773434300000162e+01,-3.102661796499999980e+01
1.825912912900000151e+01,-4.741086829999999708e+01,-4.019160297799999881e+01,-2.517901330300000140e+01,-3.360994742900000176e+01,-1.249742033399999919e+01
1.827913913900000153e+01,-4.610726110600000283e+01,-4.506154664400000343e+01,-2.857680300099999826e+01,-3.509573798600000316e+01,-4.712138403899999872e+01
1.829914914900000156e+01,-4.063834846299999981e+01,-3.033891877499999978e+01,-2.808060297899999824e+01,-2.790391273899999902e+01,-3.749767007500000204e+01
1.831915915900000158e+01,-3.460271366500000312e+01,-5.146764001199999683e+01,-3.341267556399999705e+01,-3.208075307699999712e+01,-2.235553569600000046e+01
1.833916916900000160e+01,-4.406708407099999647e+01,-2.949165050699999924e+01,-2.590516247900000124e+01,-2.024629405499999990e+01,-2.579014141500000079e+01
1.835917917900000162e+01,-3.010428007200000167e+01,-1.504909899599999967e+01,-1.651873761399999907e+01,-1.790513529000000048e+01,-1.667325211500000037e+01
1.837918918900000165e+01,-3.575815734799999746e+01,-4.525241844399999991e+01,-2.816449899499999887e+01,-4.012233653100000197e+01,-3.098030338899999947e+01
1.839919919900000167e+01,-5.106252785800000282e+01,-4.086733941399999992e+01,-3.293329554799999670e+01,-2.795817339599999940e+01,-2.905711482299999915e+01
1.841920920900000169e+01,-2.535662959200000088e+01,-3.208666352600000238e+01,-2.101021991000000000e+01,-2.101955831500000116e+01,-1.913666398599999852e+01
1.843921921900000171e+01,-3.626206638499999713e+01,-3.778094305700000177e+01,-2.360643597400000004e+01,-2.105143167399999982e+01,-3.795385643299999856e+01
1.845922922900000174e+01,-3.480742320400000267e+01,-3.128588378899999967e+01,-3.429659169899999682e+01,-3.610936344200000292e+01,-2.889610229299999844e+01
1.847923923900000176e+01,-3.805775502000000188e+01,-3.607661668699999780e+01,-2.441828436600000174e+01,-1.977444217400000070e+01,-1.579324912200000064e+01
1.849924924899999823e+01,-4.224937900900000187e+01,-4.916869486499999908e+01,-3.956624469999999860e+01,-2.884505729800000040e+01,-2.246790209799999971e+01
1.851925925899999825e+01,-3.630713058300000284e+01,-3.649352873000000130e+01,-3.178877421800000036e+01,-2.924497815300000170e+01,-2.727506667200000123e+01
1.853926926899999827e+01,-3.078300080100000002e+01,-3.219649316299999953e+01,-2.479357562899999934e+01,-2.059828730699999966e+01,-1.552366308300000064e+01
1.855927927899999830e+01,-5.224174521100000135e+01,-5.128220381900000291e+01,-3.223414779899999871e+01,-3.113170531100000105e+01,-2.827642232199999839e+01
1.857928928899999832e+01,-3.510813939700000219e+01,-2.126136883899999930e+01,-2.855348378500000095e+01,-3.160183557499999907e+01,-2.224555600100000063e+01
1.859929929899999834e+01,-4.097882353699999669e+01,-4.158214172600000325e+01,-2.466952920700000007e+01,-3.219328098100000091e+01,-2.103862141400000141e+01
1.861930930899999836e+01,-3.409414711400000186e+01,-3.586731921199999817e+01,-3.540712353899999698e+01,-5.161595943900000094e+01,-3.068015486699999883e+01
1.863931931899999839e+01,-1.935422106100000050e+01,-2.834924835300000012e+01,-2.349276198800000159e+01,-3.865456514000000254e+01,-2.964970909199999838e+01
1.865932932899999841e+01,-3.797355142199999989e+01,-4.142170442599999802e+01,-2.828776136200000124e+01,-3.333827653000000169e+01,-3.484813576199999829e+01
1.867933933899999843e+01,-3.571784688299999999e+01,-4.185782031699999806e+01,-2.782225878199999869e+01,-2.132149880300000078e+01,-1.283418702400000022e+01
1.869934934899999845e+01,-3.336196878700000212e+01,-4.503785819400000179e+01,-2.463817463999999902e+01,-2.828732052699999855e+01,-3.180847661399999993e+01
1.871935935899999848e+01,-2.862384054300000003e+01,-4.537393444599999981e+01,-3.445341219699999868e+01,-2.147987754000000038e+01,-3.712442992500000116e+01
1.873936936899999850e+01,-2.837811497599999910e+01,-4.457127330899999862e+01,-2.740976730199999878e+01,-3.811308372700000291e+01,-2.923948529300000132e+01
1.875937937899999852e+01,-4.399602579700000149e+01,-3.087945430199999919e+01,-2.178686413799999855e+01,-2.662184863399999912e+01,-2.604962579400000067e+01
1.877938938899999854e+01,-4.696304683099999977e+01,-5.399324560400000195e+01,-2.866271867700000087e+01,-4.120866578399999725e+01,-2.051216146999999879e+01
1.879939939899999857e+01,-3.154669362099999930e+01,-3.370437119599999676e+01,-2.976386699900000110e+01,-3.754239159899999834e+01,-2.850165867600000169e+01
1.881940940899999859e+01,-4.102505248599999987e+01,-6.277084244600000318e+01,-3.776925022100000007e+01,-4.460375013299999836e+01,-2.996493802999999900e+01
1.883941941899999861e+01,-5.453119764400000236e+01,-4.325847857299999788e+01,-3.286460089300000220e+01,-2.955834139099999902e+01,-2.970436704300000130e+01
1.885942942899999863e+01,-2.381612528599999834e+01,-3.384392858300000029e+01,-8.012238475400000226e+00,-2.205970678599999957e+01,-1.607832362999999987e+01
1.887943943899999866e+01,-3.950653558300000157e+01,-3.611627992100000029e+01,-2.901190307699999948e+01,-3.600479807899999685e+01,-2.571946099199999836e+01
1.889944944899999868e+01,-4.714153481400000345e+01,-3.762498612299999934e+01,-3.664970244599999916e+01,-3.064095648099999991e+01,-3.315370876299999736e+01
1.891945945899999870e+01,-3.175737331299999866e+01,-2.925343534099999943e+01,-3.503226888300000041e+01,-2.974825409500000006e+01,-2.524011764799999824e+01
1.893946946899999872e+01,-3.899058315999999991e+01,-5.321783805900000175e+01,-3.363149020699999880e+01,-3.003312672799999916e+01,-2.746525927400000100e+01
1.895947947899999875e+01,-3.873564890899999824e+01,-4.424705070000000262e+01,-2.534858191000000005e+01,-3.321760365200000109e+01,-3.459761109800000156e+01
1.897948948899999877e+01,-3.389211994200000078e+01,-3.608558251000000183e+01,-2.498240897599999855e+01,-4.582819883900000235e+01,-1.835039062599999937e+01
1.899949949899999879e+01,-4.973247469900000084e+01,-6.407938291899999683e+01,-2.789426363000000109e+01,-3.599940085400000100e+01,-2.982774662499999963e+01
1.901950950999999890e+01,-3.875979213099999754e+01,-4.930538125100000002e+01,-3.420791791500000301e+01,-3.077195749999999919e+01,-2.938217457100000018e+01
1.903951951999999892e+01,-3.501006249299999951e+01,-2.970459471399999885e+01,-1.923826338900000099e+00,-1.294682350000000071e+01,-2.217900610299999897e+01
1.905952952999999894e+01,-4.644381246900000093e+01,-4.139418125400000292e+01,-2.729146607999999929e+01,-2.430667904399999912e+01,-2.478739034000000174e+01
1.907953953999999896e+01,-3.717594054100000278e+01,-3.859627929900000254e+01,-3.431984436300000141e+01,-2.203454614300000003e+01,-2.846609361599999843e+01
1.909954954999999899e+01,-3.652336210699999697e+01,-3.257958201099999940e+01,-1.863632965700000099e+01,-1.990017140200000156e+01,-5.627005936899999838e+00
1.911955955999999901e+01,-4.816391112699999866e+01,-4.707709471599999773e+01,-3.104078059500000109e+01,-5.854895919399999826e+01,-3.065311011900000082e+01
1.913956956999999903e+01,-3.034201224299999922e+01,-3.003238668599999883e+01,-3.512863714000000215e+01,-3.100098825899999966e+01,-1.423703784399999961e+01
1.915957957999999905e+01,-2.856630380100000011e+01,-4.327116383199999916e+01,-3.503512774600000057e+01,-3.011299382500000021e+01,-3.097005814499999943e+01
1.917958958999999908e+01,-3.517922476700000090e+01,-3.578139359800000108e+01,-3.585044679800000011e+01,-2.665100212600000162e+01,-4.194785999900000206e+01
1.919959959999999910e+01,-2.884377591999999879e+01,-1.498394680200000018e+01,-1.129396595200000064e+01,-1.613871851300000060e+01,-1.837680016699999896e+01
1.921960960999999912e+01,-4.091037978399999986e+01,-4.420849976699999928e+01,-2.807219266799999957e+01,-3.461585205000000087e+01,-2.620950251600000058e+01
1.923961961999999914e+01,-4.717415230299999962e+01,-4.910640028000000257e+01,-3.734081867500000129e+01,-3.995480994500000094e+01,-4.882578205099999735e+01
1.925962962999999917e+01,-3.335342176500000022e+01,-3.021846473800000155e+01,-2.421319448999999935e+01,-3.532561822099999915e+01,-4.330468560199999928e+01
1.927963963999999919e+01,-6.573268343300000538e+01,-6.339233744300000239e+01,-2.502959413199999972e+01,-3.359994947100000218e+01,-4.590175519600000342e+01
1.929964964999999921e+01,-4.226157670700000324e+01,-5.435639241999999882e+01,-2.833799359300000020e+01,-5.277103066400000131e+01,-3.825716868399999981e+01
1.931965965999999923e+01,-1.954509695599999830e+01,-2.769391599700000128e+01,-2.990240777600000044e+01,-2.556059684099999885e+01,-3.519110403300000200e+01
1.933966966999999926e+01,-4.515545787300000313e+01,-4.012350065799999754e+01,-2.706834777199999920e+01,-4.176257078399999756e+01,-3.271241057000000296e+01
1.935967967999999928e+01,-4.065651292599999778e+01,-3.459107912500000026e+01,-3.032251390500000099e+01,-3.711810410900000079e+01,-3.287676097100000305e+01
1.937968968999999930e+01,-3.104968826300000018e+01,-3.250515150999999747e+01,-2.245823397599999893e+01,-2.825788348200000044e+01,-2.330995411800000028e+01
1.939969969999999932e+01,-4.333289075999999795e+01,-5.261892670400000327e+01,-2.872286434600000149e+01,-3.201289240199999853e+01,-4.416182203700000031e+01
1.941970970999999935e+01,-4.813047978400000204e+01,-4.487735561499999903e+01,-2.083405054500000020e+01,-3.846216138199999790e+01,-2.683130293299999991e+01
1.943971971999999937e+01,-2.065686331599999903e+01,-3.155640198200000057e+01,-2.609569494000000134e+01,-2.572505220700000095e+01,-3.430758327400000240e+01
1.945972972999999939e+01,-4.312688122800000201e+01,-4.329877197500000108e+01,-3.154202506200000045e+01,-3.870305704199999752e+01,-3.251098091099999721e+01
1.947973973999999941e+01,-4.038385486300000338e+01,-4.304239671199999862e+01,-5.187878217800000158e+01,-2.647724897000000155e+01,-2.819105815200000009e+01
1.949974974999999944e+01,-4.865268072899999652e+01,-3.028848647099999880e+01,-1.880079204500000145e+01,-4.090746539599999920e+01,-2.715096639400000100e+01
1.951975975999999946e+01,-5.322547866099999681e+01,-3.770245785800000249e+01,-2.844742834799999898e+01,-3.504235184499999889e+01,-2.766069985800000097e+01
1.953976976999999948e+01,-4.753722750000000019e+01,-3.069007908700000087e+01,-3.327672242699999838e+00,4.580304517200000092e+00,2.567244337600000037e+00
1.955977977999999950e+01,-3.327371988200000175e+01,-3.908377952299999691e+01,-2.492693229700000046e+01,-3.472423083999999704e+01,-3.899620179299999734e+01
1.957978978999999953e+01,-5.225004127799999765e+01,-5.353552407899999821e+01,-3.426725107600000086e+01,-3.829833852899999869e+01,-2.966248809900000083e+01
1.959979979999999955e+01,-2.998973612400000022e+01,-4.218387253600000264e+01,-3.701564951900000011e+01,-3.722441152399999709e+01,-2.544017325600000135e+01
1.961980980999999957e+01,-5.045495301999999782e+01,-4.177717326799999853e+01,-1.608741651300000086e+01,-4.471410671699999995e+01,-2.999301839600000008e+01
1.963981981999999959e+01,-4.712120542400000289e+01,-3.714987179100000247e+01,-4.385810312200000283e+01,-2.898554248800000011e+01,-3.277099185299999817e+01
1.965982982999999962e+01,-3.769191185700000091e+01,-3.412920208399999922e+01,-1.995844580099999988e+01,-1.725430054699999971e+01,-1.814861601899999854e+01
1.967983983999999964e+01,-3.782142520600000068e+01,-5.088126003099999650e+01,-2.495703256599999875e+01,-3.926721751400000215e+01,-3.640520850299999722e+01
1.969984984999999966e+01,-3.759265482200000008e+01,-5.987809377600000005e+01,-2.958392786699999988e+01,-3.589370619999999690e+01,-3.938935444799999885e+01
1.971985985999999968e+01,-2.497287375799999865e+01,-5.592994153099999721e+01,-3.908606034700000009e+01,-3.735151580699999840e+01,-3.266256964000000096e+01
1.973986986999999971e+01,-4.343676700799999679e+01,-4.042345127099999758e+01,-4.074836226299999709e+01,-3.133119287799999952e+01,-2.706359618200000128e+01
1.975987987999999973e+01,-5.066435614099999896e+01,-3.820701991699999667e+01,-3.129326530000000162e+01,-4.559672592300000105e+01,-3.417046670300000244e+01
1.977988988999999975e+01,-4.065917952699999915e+01,-3.297994947099999763e+01,-2.619200859500000078e+01,-2.833563360200000147e+01,-1.615936864800000095e+01
1.979989989999999977e+01,-5.823467248499999727e+01,-5.761544500600000163e+01,-1.823775445700000120e+01,-2.610645929700000067e+01,-3.059259777999999841e+01
1.981990990999999980e+01,-3.548779618500000055e+01,-3.435677638199999961e+01,-2.538896424200000013e+01,-2.793656794099999985e+01,-2.633687302699999933e+01
1.983991991999999982e+01,-2.888941311900000031e+01,-3.588897086600000108e+01,-3.266649908499999810e+01,-4.173433464299999684e+01,-3.236025712099999652e+01
1.985992992999999984e+01,-4.694368512199999799e+01,-5.042213278399999865e+01,-2.182065581199999826e+01,-2.952514887699999946e+01,-3.520159019199999761e+01
1.987993993999999986e+01,-2.582879717799999852e+01,-3.093278355300000015e+01,-2.962406663799999862e+01,-5.166523278199999680e+01,-3.918760050000000206e+01
1.989994994999999989e+01,-4.673901964400000253e+01,-4.207345318699999837e+01,-2.795655816800000082e+01,-2.817278319700000111e+01,-3.195801639000000094e+01
1.991995995999999991e+01,-4.662382826399999658e+01,-4.024986134800000315e+01,-1.925862660700000006e+01,-9.540481451799999846e+00,-2.629619758899999837e+01
1.993996996999999993e+01,-2.879827973300000110e+01,-3.632927593899999863e+01,-3.627429518800000352e+01,-3.095604892200000080e+01,-2.939286508500000039e+01
1.995997997999999995e+01,-4.792596999599999918e+01,-3.609419349699999913e+01,-3.091041231899999886e+01,-3.895529602999999952e+01,-4.916049958899999694e+01
1.997998998999999998e+01,-2.794123318300000136e+01,-5.183357888300000127e+01,-3.180239687599999954e+01,-3.903132336899999899e+01,-3.857953146500000230e+01
2.000000000000000000e+01,-2.370171845100000141e+01,-2.017226408899999868e+01,-2.064124751900000021e+01,-3.308812493199999949e+01,-2.148219782199999983e+01
